# amr_dense_snapshot_v1
# step 0
# time 0
# coarse_n 64
# parts 4
# max_level 3
# fine_n 512
# initial_pattern circle
# initial_scale 0.25
# state_components 64
# leaves 4096
# columns i j level value importance
0 0 0 0 0
8 0 0 0 0
16 0 0 0 0
24 0 0 0 0
32 0 0 0 0
40 0 0 0 0
48 0 0 0 0
56 0 0 0 0
64 0 0 0 0
72 0 0 0 0
80 0 0 0 0
88 0 0 0 0
96 0 0 0 0
104 0 0 0 0
112 0 0 0 0
120 0 0 0 0
128 0 0 0 0
136 0 0 0 0
144 0 0 0 0
152 0 0 0 0
160 0 0 0 0
168 0 0 0 0
176 0 0 0 0
184 0 0 0 0
192 0 0 0 0
200 0 0 0 0
208 0 0 0 0
216 0 0 0 0
224 0 0 0 0
232 0 0 0 0
240 0 0 0 0
248 0 0 0 0
256 0 0 0 0
264 0 0 0 0
272 0 0 0 0
280 0 0 0 0
288 0 0 0 0
296 0 0 0 0
304 0 0 0 0
312 0 0 0 0
320 0 0 0 0
328 0 0 0 0
336 0 0 0 0
344 0 0 0 0
352 0 0 0 0
360 0 0 0 0
368 0 0 0 0
376 0 0 0 0
384 0 0 0 0
392 0 0 0 0
400 0 0 0 0
408 0 0 0 0
416 0 0 0 0
424 0 0 0 0
432 0 0 0 0
440 0 0 0 0
448 0 0 0 0
456 0 0 0 0
464 0 0 0 0
472 0 0 0 0
480 0 0 0 0
488 0 0 0 0
496 0 0 0 0
504 0 0 0 0
0 8 0 0 0
8 8 0 0 0
16 8 0 0 0
24 8 0 0 0
32 8 0 0 0
40 8 0 0 0
48 8 0 0 0
56 8 0 0 0
64 8 0 0 0
72 8 0 0 0
80 8 0 0 0
88 8 0 0 0
96 8 0 0 0
104 8 0 0 0
112 8 0 0 0
120 8 0 0 0
128 8 0 0 0
136 8 0 0 0
144 8 0 0 0
152 8 0 0 0
160 8 0 0 0
168 8 0 0 0
176 8 0 0 0
184 8 0 0 0
192 8 0 0 0
200 8 0 0 0
208 8 0 0 0
216 8 0 0 0
224 8 0 0 0
232 8 0 0 0
240 8 0 0 0
248 8 0 0 0
256 8 0 0 0
264 8 0 0 0
272 8 0 0 0
280 8 0 0 0
288 8 0 0 0
296 8 0 0 0
304 8 0 0 0
312 8 0 0 0
320 8 0 0 0
328 8 0 0 0
336 8 0 0 0
344 8 0 0 0
352 8 0 0 0
360 8 0 0 0
368 8 0 0 0
376 8 0 0 0
384 8 0 0 0
392 8 0 0 0
400 8 0 0 0
408 8 0 0 0
416 8 0 0 0
424 8 0 0 0
432 8 0 0 0
440 8 0 0 0
448 8 0 0 0
456 8 0 0 0
464 8 0 0 0
472 8 0 0 0
480 8 0 0 0
488 8 0 0 0
496 8 0 0 0
504 8 0 0 0
0 16 0 0 0
8 16 0 0 0
16 16 0 0 0
24 16 0 0 0
32 16 0 0 0
40 16 0 0 0
48 16 0 0 0
56 16 0 0 0
64 16 0 0 0
72 16 0 0 0
80 16 0 0 0
88 16 0 0 0
96 16 0 0 0
104 16 0 0 0
112 16 0 0 0
120 16 0 0 0
128 16 0 0 0
136 16 0 0 0
144 16 0 0 0
152 16 0 0 0
160 16 0 0 0
168 16 0 0 0
176 16 0 0 0
184 16 0 0 0
192 16 0 0 0
200 16 0 0 0
208 16 0 0 0
216 16 0 0 0
224 16 0 0 0
232 16 0 0 0
240 16 0 0 0
248 16 0 0 0
256 16 0 0 0
264 16 0 0 0
272 16 0 0 0
280 16 0 0 0
288 16 0 0 0
296 16 0 0 0
304 16 0 0 0
312 16 0 0 0
320 16 0 0 0
328 16 0 0 0
336 16 0 0 0
344 16 0 0 0
352 16 0 0 0
360 16 0 0 0
368 16 0 0 0
376 16 0 0 0
384 16 0 0 0
392 16 0 0 0
400 16 0 0 0
408 16 0 0 0
416 16 0 0 0
424 16 0 0 0
432 16 0 0 0
440 16 0 0 0
448 16 0 0 0
456 16 0 0 0
464 16 0 0 0
472 16 0 0 0
480 16 0 0 0
488 16 0 0 0
496 16 0 0 0
504 16 0 0 0
0 24 0 0 0
8 24 0 0 0
16 24 0 0 0
24 24 0 0 0
32 24 0 0 0
40 24 0 0 0
48 24 0 0 0
56 24 0 0 0
64 24 0 0 0
72 24 0 0 0
80 24 0 0 0
88 24 0 0 0
96 24 0 0 0
104 24 0 0 0
112 24 0 0 0
120 24 0 0 0
128 24 0 0 0
136 24 0 0 0
144 24 0 0 0
152 24 0 0 0
160 24 0 0 0
168 24 0 0 0
176 24 0 0 0
184 24 0 0 0
192 24 0 0 0
200 24 0 0 0
208 24 0 0 0
216 24 0 0 0
224 24 0 0 0
232 24 0 0 0
240 24 0 0 0
248 24 0 0 0
256 24 0 0 0
264 24 0 0 0
272 24 0 0 0
280 24 0 0 0
288 24 0 0 0
296 24 0 0 0
304 24 0 0 0
312 24 0 0 0
320 24 0 0 0
328 24 0 0 0
336 24 0 0 0
344 24 0 0 0
352 24 0 0 0
360 24 0 0 0
368 24 0 0 0
376 24 0 0 0
384 24 0 0 0
392 24 0 0 0
400 24 0 0 0
408 24 0 0 0
416 24 0 0 0
424 24 0 0 0
432 24 0 0 0
440 24 0 0 0
448 24 0 0 0
456 24 0 0 0
464 24 0 0 0
472 24 0 0 0
480 24 0 0 0
488 24 0 0 0
496 24 0 0 0
504 24 0 0 0
0 32 0 0 0
8 32 0 0 0
16 32 0 0 0
24 32 0 0 0
32 32 0 0 0
40 32 0 0 0
48 32 0 0 0
56 32 0 0 0
64 32 0 0 0
72 32 0 0 0
80 32 0 0 0
88 32 0 0 0
96 32 0 0 0
104 32 0 0 0
112 32 0 0 0
120 32 0 0 0
128 32 0 0 0
136 32 0 0 0
144 32 0 0 0
152 32 0 0 0
160 32 0 0 0
168 32 0 0 0
176 32 0 0 0
184 32 0 0 0
192 32 0 0 0
200 32 0 0 0
208 32 0 0 0
216 32 0 0 0
224 32 0 0 0
232 32 0 0 0
240 32 0 0 0
248 32 0 0 0
256 32 0 0 0
264 32 0 0 0
272 32 0 0 0
280 32 0 0 0
288 32 0 0 0
296 32 0 0 0
304 32 0 0 0
312 32 0 0 0
320 32 0 0 0
328 32 0 0 0
336 32 0 0 0
344 32 0 0 0
352 32 0 0 0
360 32 0 0 0
368 32 0 0 0
376 32 0 0 0
384 32 0 0 0
392 32 0 0 0
400 32 0 0 0
408 32 0 0 0
416 32 0 0 0
424 32 0 0 0
432 32 0 0 0
440 32 0 0 0
448 32 0 0 0
456 32 0 0 0
464 32 0 0 0
472 32 0 0 0
480 32 0 0 0
488 32 0 0 0
496 32 0 0 0
504 32 0 0 0
0 40 0 0 0
8 40 0 0 0
16 40 0 0 0
24 40 0 0 0
32 40 0 0 0
40 40 0 0 0
48 40 0 0 0
56 40 0 0 0
64 40 0 0 0
72 40 0 0 0
80 40 0 0 0
88 40 0 0 0
96 40 0 0 0
104 40 0 0 0
112 40 0 0 0
120 40 0 0 0
128 40 0 0 0
136 40 0 0 0
144 40 0 0 0
152 40 0 0 0
160 40 0 0 0
168 40 0 0 0
176 40 0 0 0
184 40 0 0 0
192 40 0 0 0
200 40 0 0 0
208 40 0 0 0
216 40 0 0 0
224 40 0 0 0
232 40 0 0 0
240 40 0 0 0
248 40 0 0 0
256 40 0 0 0
264 40 0 0 0
272 40 0 0 0
280 40 0 0 0
288 40 0 0 0
296 40 0 0 0
304 40 0 0 0
312 40 0 0 0
320 40 0 0 0
328 40 0 0 0
336 40 0 0 0
344 40 0 0 0
352 40 0 0 0
360 40 0 0 0
368 40 0 0 0
376 40 0 0 0
384 40 0 0 0
392 40 0 0 0
400 40 0 0 0
408 40 0 0 0
416 40 0 0 0
424 40 0 0 0
432 40 0 0 0
440 40 0 0 0
448 40 0 0 0
456 40 0 0 0
464 40 0 0 0
472 40 0 0 0
480 40 0 0 0
488 40 0 0 0
496 40 0 0 0
504 40 0 0 0
0 48 0 0 0
8 48 0 0 0
16 48 0 0 0
24 48 0 0 0
32 48 0 0 0
40 48 0 0 0
48 48 0 0 0
56 48 0 0 0
64 48 0 0 0
72 48 0 0 0
80 48 0 0 0
88 48 0 0 0
96 48 0 0 0
104 48 0 0 0
112 48 0 0 0
120 48 0 0 0
128 48 0 0 0
136 48 0 0 0
144 48 0 0 0
152 48 0 0 0
160 48 0 0 0
168 48 0 0 0
176 48 0 0 0
184 48 0 0 0
192 48 0 0 0
200 48 0 0 0
208 48 0 0 0
216 48 0 0 0
224 48 0 0 0
232 48 0 0 0
240 48 0 0 0
248 48 0 0 0
256 48 0 0 0
264 48 0 0 0
272 48 0 0 0
280 48 0 0 0
288 48 0 0 0
296 48 0 0 0
304 48 0 0 0
312 48 0 0 0
320 48 0 0 0
328 48 0 0 0
336 48 0 0 0
344 48 0 0 0
352 48 0 0 0
360 48 0 0 0
368 48 0 0 0
376 48 0 0 0
384 48 0 0 0
392 48 0 0 0
400 48 0 0 0
408 48 0 0 0
416 48 0 0 0
424 48 0 0 0
432 48 0 0 0
440 48 0 0 0
448 48 0 0 0
456 48 0 0 0
464 48 0 0 0
472 48 0 0 0
480 48 0 0 0
488 48 0 0 0
496 48 0 0 0
504 48 0 0 0
0 56 0 0 0
8 56 0 0 0
16 56 0 0 0
24 56 0 0 0
32 56 0 0 0
40 56 0 0 0
48 56 0 0 0
56 56 0 0 0
64 56 0 0 0
72 56 0 0 0
80 56 0 0 0
88 56 0 0 0
96 56 0 0 0
104 56 0 0 0
112 56 0 0 0
120 56 0 0 0
128 56 0 0 0
136 56 0 0 0
144 56 0 0 0
152 56 0 0 0
160 56 0 0 0
168 56 0 0 0
176 56 0 0 0
184 56 0 0 0
192 56 0 0 0
200 56 0 0 0
208 56 0 0 0
216 56 0 0 0
224 56 0 0 0
232 56 0 0 0
240 56 0 0 0
248 56 0 0 0
256 56 0 0 0
264 56 0 0 0
272 56 0 0 0
280 56 0 0 0
288 56 0 0 0
296 56 0 0 0
304 56 0 0 0
312 56 0 0 0
320 56 0 0 0
328 56 0 0 0
336 56 0 0 0
344 56 0 0 0
352 56 0 0 0
360 56 0 0 0
368 56 0 0 0
376 56 0 0 0
384 56 0 0 0
392 56 0 0 0
400 56 0 0 0
408 56 0 0 0
416 56 0 0 0
424 56 0 0 0
432 56 0 0 0
440 56 0 0 0
448 56 0 0 0
456 56 0 0 0
464 56 0 0 0
472 56 0 0 0
480 56 0 0 0
488 56 0 0 0
496 56 0 0 0
504 56 0 0 0
0 64 0 0 0
8 64 0 0 0
16 64 0 0 0
24 64 0 0 0
32 64 0 0 0
40 64 0 0 0
48 64 0 0 0
56 64 0 0 0
64 64 0 0 0
72 64 0 0 0
80 64 0 0 0
88 64 0 0 0
96 64 0 0 0
104 64 0 0 0
112 64 0 0 0
120 64 0 0 0
128 64 0 0 0
136 64 0 0 0
144 64 0 0 0
152 64 0 0 0
160 64 0 0 0
168 64 0 0 0
176 64 0 0 0
184 64 0 0 0
192 64 0 0 0
200 64 0 0 0
208 64 0 0 0
216 64 0 0 0
224 64 0 0 0
232 64 0 0 0
240 64 0 0 0
248 64 0 0 0
256 64 0 0 0
264 64 0 0 0
272 64 0 0 0
280 64 0 0 0
288 64 0 0 0
296 64 0 0 0
304 64 0 0 0
312 64 0 0 0
320 64 0 0 0
328 64 0 0 0
336 64 0 0 0
344 64 0 0 0
352 64 0 0 0
360 64 0 0 0
368 64 0 0 0
376 64 0 0 0
384 64 0 0 0
392 64 0 0 0
400 64 0 0 0
408 64 0 0 0
416 64 0 0 0
424 64 0 0 0
432 64 0 0 0
440 64 0 0 0
448 64 0 0 0
456 64 0 0 0
464 64 0 0 0
472 64 0 0 0
480 64 0 0 0
488 64 0 0 0
496 64 0 0 0
504 64 0 0 0
0 72 0 0 0
8 72 0 0 0
16 72 0 0 0
24 72 0 0 0
32 72 0 0 0
40 72 0 0 0
48 72 0 0 0
56 72 0 0 0
64 72 0 0 0
72 72 0 0 0
80 72 0 0 0
88 72 0 0 0
96 72 0 0 0
104 72 0 0 0
112 72 0 0 0
120 72 0 0 0
128 72 0 0 0
136 72 0 0 0
144 72 0 0 0
152 72 0 0 0
160 72 0 0 0
168 72 0 0 0
176 72 0 0 0
184 72 0 0 0
192 72 0 0 0
200 72 0 0 0
208 72 0 0 0
216 72 0 0 0
224 72 0 0 0
232 72 0 0 0
240 72 0 0 0
248 72 0 0 0
256 72 0 0 0
264 72 0 0 0
272 72 0 0 0
280 72 0 0 0
288 72 0 0 0
296 72 0 0 0
304 72 0 0 0
312 72 0 0 0
320 72 0 0 0
328 72 0 0 0
336 72 0 0 0
344 72 0 0 0
352 72 0 0 0
360 72 0 0 0
368 72 0 0 0
376 72 0 0 0
384 72 0 0 0
392 72 0 0 0
400 72 0 0 0
408 72 0 0 0
416 72 0 0 0
424 72 0 0 0
432 72 0 0 0
440 72 0 0 0
448 72 0 0 0
456 72 0 0 0
464 72 0 0 0
472 72 0 0 0
480 72 0 0 0
488 72 0 0 0
496 72 0 0 0
504 72 0 0 0
0 80 0 0 0
8 80 0 0 0
16 80 0 0 0
24 80 0 0 0
32 80 0 0 0
40 80 0 0 0
48 80 0 0 0
56 80 0 0 0
64 80 0 0 0
72 80 0 0 0
80 80 0 0 0
88 80 0 0 0
96 80 0 0 0
104 80 0 0 0
112 80 0 0 0
120 80 0 0 0
128 80 0 0 0
136 80 0 0 0
144 80 0 0 0
152 80 0 0 0
160 80 0 0 0
168 80 0 0 0
176 80 0 0 0
184 80 0 0 0
192 80 0 0 0
200 80 0 0 0
208 80 0 0 0
216 80 0 0 0
224 80 0 0 0
232 80 0 0 0
240 80 0 0 0
248 80 0 0 0
256 80 0 0 0
264 80 0 0 0
272 80 0 0 0
280 80 0 0 0
288 80 0 0 0
296 80 0 0 0
304 80 0 0 0
312 80 0 0 0
320 80 0 0 0
328 80 0 0 0
336 80 0 0 0
344 80 0 0 0
352 80 0 0 0
360 80 0 0 0
368 80 0 0 0
376 80 0 0 0
384 80 0 0 0
392 80 0 0 0
400 80 0 0 0
408 80 0 0 0
416 80 0 0 0
424 80 0 0 0
432 80 0 0 0
440 80 0 0 0
448 80 0 0 0
456 80 0 0 0
464 80 0 0 0
472 80 0 0 0
480 80 0 0 0
488 80 0 0 0
496 80 0 0 0
504 80 0 0 0
0 88 0 0 0
8 88 0 0 0
16 88 0 0 0
24 88 0 0 0
32 88 0 0 0
40 88 0 0 0
48 88 0 0 0
56 88 0 0 0
64 88 0 0 0
72 88 0 0 0
80 88 0 0 0
88 88 0 0 0
96 88 0 0 0
104 88 0 0 0
112 88 0 0 0
120 88 0 0 0
128 88 0 0 0
136 88 0 0 0
144 88 0 0 0
152 88 0 0 0
160 88 0 0 0
168 88 0 0 0
176 88 0 0 0
184 88 0 0 0
192 88 0 0 0
200 88 0 0 0
208 88 0 0 0
216 88 0 0 0
224 88 0 0 0
232 88 0 0 0
240 88 0 0 0
248 88 0 0 0
256 88 0 0 0
264 88 0 0 0
272 88 0 0 0
280 88 0 0 0
288 88 0 0 0
296 88 0 0 0
304 88 0 0 0
312 88 0 0 0
320 88 0 0 0
328 88 0 0 0
336 88 0 0 0
344 88 0 0 0
352 88 0 0 0
360 88 0 0 0
368 88 0 0 0
376 88 0 0 0
384 88 0 0 0
392 88 0 0 0
400 88 0 0 0
408 88 0 0 0
416 88 0 0 0
424 88 0 0 0
432 88 0 0 0
440 88 0 0 0
448 88 0 0 0
456 88 0 0 0
464 88 0 0 0
472 88 0 0 0
480 88 0 0 0
488 88 0 0 0
496 88 0 0 0
504 88 0 0 0
0 96 0 0 0
8 96 0 0 0
16 96 0 0 0
24 96 0 0 0
32 96 0 0 0
40 96 0 0 0
48 96 0 0 0
56 96 0 0 0
64 96 0 0 0
72 96 0 0 0
80 96 0 0 0
88 96 0 0 0
96 96 0 0 0
104 96 0 0 0
112 96 0 0 0
120 96 0 0 0
128 96 0 0 0
136 96 0 0 0
144 96 0 0 0
152 96 0 0 0
160 96 0 0 0
168 96 0 0 0
176 96 0 0 0
184 96 0 0 0
192 96 0 0 0
200 96 0 0 0
208 96 0 0 0
216 96 0 0 0
224 96 0 0 0
232 96 0 0 0
240 96 0 0 0
248 96 0 0 0
256 96 0 0 0
264 96 0 0 0
272 96 0 0 0
280 96 0 0 0
288 96 0 0 0
296 96 0 0 0
304 96 0 0 0
312 96 0 0 0
320 96 0 0 0
328 96 0 0 0
336 96 0 0 0
344 96 0 0 0
352 96 0 0 0
360 96 0 0 0
368 96 0 0 0
376 96 0 0 0
384 96 0 0 0
392 96 0 0 0
400 96 0 0 0
408 96 0 0 0
416 96 0 0 0
424 96 0 0 0
432 96 0 0 0
440 96 0 0 0
448 96 0 0 0
456 96 0 0 0
464 96 0 0 0
472 96 0 0 0
480 96 0 0 0
488 96 0 0 0
496 96 0 0 0
504 96 0 0 0
0 104 0 0 0
8 104 0 0 0
16 104 0 0 0
24 104 0 0 0
32 104 0 0 0
40 104 0 0 0
48 104 0 0 0
56 104 0 0 0
64 104 0 0 0
72 104 0 0 0
80 104 0 0 0
88 104 0 0 0
96 104 0 0 0
104 104 0 0 0
112 104 0 0 0
120 104 0 0 0
128 104 0 0 0
136 104 0 0 0
144 104 0 0 0
152 104 0 0 0
160 104 0 0 0
168 104 0 0 0
176 104 0 0 0
184 104 0 0 0
192 104 0 0 0
200 104 0 0 0
208 104 0 0 0
216 104 0 0 0
224 104 0 0 0
232 104 0 0 0
240 104 0 0 0
248 104 0 0 0
256 104 0 0 0
264 104 0 0 0
272 104 0 0 0
280 104 0 0 0
288 104 0 0 0
296 104 0 0 0
304 104 0 0 0
312 104 0 0 0
320 104 0 0 0
328 104 0 0 0
336 104 0 0 0
344 104 0 0 0
352 104 0 0 0
360 104 0 0 0
368 104 0 0 0
376 104 0 0 0
384 104 0 0 0
392 104 0 0 0
400 104 0 0 0
408 104 0 0 0
416 104 0 0 0
424 104 0 0 0
432 104 0 0 0
440 104 0 0 0
448 104 0 0 0
456 104 0 0 0
464 104 0 0 0
472 104 0 0 0
480 104 0 0 0
488 104 0 0 0
496 104 0 0 0
504 104 0 0 0
0 112 0 0 0
8 112 0 0 0
16 112 0 0 0
24 112 0 0 0
32 112 0 0 0
40 112 0 0 0
48 112 0 0 0
56 112 0 0 0
64 112 0 0 0
72 112 0 0 0
80 112 0 0 0
88 112 0 0 0
96 112 0 0 0
104 112 0 0 0
112 112 0 0 0
120 112 0 0 0
128 112 0 0 0
136 112 0 0 0
144 112 0 0 0
152 112 0 0 0
160 112 0 0 0
168 112 0 0 0
176 112 0 0 0
184 112 0 0 0
192 112 0 0 0
200 112 0 0 0
208 112 0 0 0
216 112 0 0 0
224 112 0 0 0
232 112 0 0 0
240 112 0 0 0
248 112 0 0 0
256 112 0 0 0
264 112 0 0 0
272 112 0 0 0
280 112 0 0 0
288 112 0 0 0
296 112 0 0 0
304 112 0 0 0
312 112 0 0 0
320 112 0 0 0
328 112 0 0 0
336 112 0 0 0
344 112 0 0 0
352 112 0 0 0
360 112 0 0 0
368 112 0 0 0
376 112 0 0 0
384 112 0 0 0
392 112 0 0 0
400 112 0 0 0
408 112 0 0 0
416 112 0 0 0
424 112 0 0 0
432 112 0 0 0
440 112 0 0 0
448 112 0 0 0
456 112 0 0 0
464 112 0 0 0
472 112 0 0 0
480 112 0 0 0
488 112 0 0 0
496 112 0 0 0
504 112 0 0 0
0 120 0 0 0
8 120 0 0 0
16 120 0 0 0
24 120 0 0 0
32 120 0 0 0
40 120 0 0 0
48 120 0 0 0
56 120 0 0 0
64 120 0 0 0
72 120 0 0 0
80 120 0 0 0
88 120 0 0 0
96 120 0 0 0
104 120 0 0 0
112 120 0 0 0
120 120 0 0 0
128 120 0 0 0
136 120 0 0 0
144 120 0 0 0
152 120 0 0 0
160 120 0 0 0
168 120 0 0 0
176 120 0 0 0
184 120 0 0 0
192 120 0 0 0
200 120 0 0 0
208 120 0 0 0
216 120 0 0 0
224 120 0 0 0
232 120 0 0 0
240 120 0 0 0
248 120 0 1 0
256 120 0 1 0
264 120 0 0 0
272 120 0 0 0
280 120 0 0 0
288 120 0 0 0
296 120 0 0 0
304 120 0 0 0
312 120 0 0 0
320 120 0 0 0
328 120 0 0 0
336 120 0 0 0
344 120 0 0 0
352 120 0 0 0
360 120 0 0 0
368 120 0 0 0
376 120 0 0 0
384 120 0 0 0
392 120 0 0 0
400 120 0 0 0
408 120 0 0 0
416 120 0 0 0
424 120 0 0 0
432 120 0 0 0
440 120 0 0 0
448 120 0 0 0
456 120 0 0 0
464 120 0 0 0
472 120 0 0 0
480 120 0 0 0
488 120 0 0 0
496 120 0 0 0
504 120 0 0 0
0 128 0 0 0
8 128 0 0 0
16 128 0 0 0
24 128 0 0 0
32 128 0 0 0
40 128 0 0 0
48 128 0 0 0
56 128 0 0 0
64 128 0 0 0
72 128 0 0 0
80 128 0 0 0
88 128 0 0 0
96 128 0 0 0
104 128 0 0 0
112 128 0 0 0
120 128 0 0 0
128 128 0 0 0
136 128 0 0 0
144 128 0 0 0
152 128 0 0 0
160 128 0 0 0
168 128 0 0 0
176 128 0 0 0
184 128 0 0 0
192 128 0 0 0
200 128 0 0 0
208 128 0 1 0
216 128 0 1 0
224 128 0 1 0
232 128 0 1 0
240 128 0 1 0
248 128 0 1 0
256 128 0 1 0
264 128 0 1 0
272 128 0 1 0
280 128 0 1 0
288 128 0 1 0
296 128 0 1 0
304 128 0 0 0
312 128 0 0 0
320 128 0 0 0
328 128 0 0 0
336 128 0 0 0
344 128 0 0 0
352 128 0 0 0
360 128 0 0 0
368 128 0 0 0
376 128 0 0 0
384 128 0 0 0
392 128 0 0 0
400 128 0 0 0
408 128 0 0 0
416 128 0 0 0
424 128 0 0 0
432 128 0 0 0
440 128 0 0 0
448 128 0 0 0
456 128 0 0 0
464 128 0 0 0
472 128 0 0 0
480 128 0 0 0
488 128 0 0 0
496 128 0 0 0
504 128 0 0 0
0 136 0 0 0
8 136 0 0 0
16 136 0 0 0
24 136 0 0 0
32 136 0 0 0
40 136 0 0 0
48 136 0 0 0
56 136 0 0 0
64 136 0 0 0
72 136 0 0 0
80 136 0 0 0
88 136 0 0 0
96 136 0 0 0
104 136 0 0 0
112 136 0 0 0
120 136 0 0 0
128 136 0 0 0
136 136 0 0 0
144 136 0 0 0
152 136 0 0 0
160 136 0 0 0
168 136 0 0 0
176 136 0 0 0
184 136 0 0 0
192 136 0 1 0
200 136 0 1 0
208 136 0 1 0
216 136 0 1 0
224 136 0 1 0
232 136 0 1 0
240 136 0 1 0
248 136 0 1 0
256 136 0 1 0
264 136 0 1 0
272 136 0 1 0
280 136 0 1 0
288 136 0 1 0
296 136 0 1 0
304 136 0 1 0
312 136 0 1 0
320 136 0 0 0
328 136 0 0 0
336 136 0 0 0
344 136 0 0 0
352 136 0 0 0
360 136 0 0 0
368 136 0 0 0
376 136 0 0 0
384 136 0 0 0
392 136 0 0 0
400 136 0 0 0
408 136 0 0 0
416 136 0 0 0
424 136 0 0 0
432 136 0 0 0
440 136 0 0 0
448 136 0 0 0
456 136 0 0 0
464 136 0 0 0
472 136 0 0 0
480 136 0 0 0
488 136 0 0 0
496 136 0 0 0
504 136 0 0 0
0 144 0 0 0
8 144 0 0 0
16 144 0 0 0
24 144 0 0 0
32 144 0 0 0
40 144 0 0 0
48 144 0 0 0
56 144 0 0 0
64 144 0 0 0
72 144 0 0 0
80 144 0 0 0
88 144 0 0 0
96 144 0 0 0
104 144 0 0 0
112 144 0 0 0
120 144 0 0 0
128 144 0 0 0
136 144 0 0 0
144 144 0 0 0
152 144 0 0 0
160 144 0 0 0
168 144 0 0 0
176 144 0 1 0
184 144 0 1 0
192 144 0 1 0
200 144 0 1 0
208 144 0 1 0
216 144 0 1 0
224 144 0 1 0
232 144 0 1 0
240 144 0 1 0
248 144 0 1 0
256 144 0 1 0
264 144 0 1 0
272 144 0 1 0
280 144 0 1 0
288 144 0 1 0
296 144 0 1 0
304 144 0 1 0
312 144 0 1 0
320 144 0 1 0
328 144 0 1 0
336 144 0 0 0
344 144 0 0 0
352 144 0 0 0
360 144 0 0 0
368 144 0 0 0
376 144 0 0 0
384 144 0 0 0
392 144 0 0 0
400 144 0 0 0
408 144 0 0 0
416 144 0 0 0
424 144 0 0 0
432 144 0 0 0
440 144 0 0 0
448 144 0 0 0
456 144 0 0 0
464 144 0 0 0
472 144 0 0 0
480 144 0 0 0
488 144 0 0 0
496 144 0 0 0
504 144 0 0 0
0 152 0 0 0
8 152 0 0 0
16 152 0 0 0
24 152 0 0 0
32 152 0 0 0
40 152 0 0 0
48 152 0 0 0
56 152 0 0 0
64 152 0 0 0
72 152 0 0 0
80 152 0 0 0
88 152 0 0 0
96 152 0 0 0
104 152 0 0 0
112 152 0 0 0
120 152 0 0 0
128 152 0 0 0
136 152 0 0 0
144 152 0 0 0
152 152 0 0 0
160 152 0 0 0
168 152 0 1 0
176 152 0 1 0
184 152 0 1 0
192 152 0 1 0
200 152 0 1 0
208 152 0 1 0
216 152 0 1 0
224 152 0 1 0
232 152 0 1 0
240 152 0 1 0
248 152 0 1 0
256 152 0 1 0
264 152 0 1 0
272 152 0 1 0
280 152 0 1 0
288 152 0 1 0
296 152 0 1 0
304 152 0 1 0
312 152 0 1 0
320 152 0 1 0
328 152 0 1 0
336 152 0 1 0
344 152 0 0 0
352 152 0 0 0
360 152 0 0 0
368 152 0 0 0
376 152 0 0 0
384 152 0 0 0
392 152 0 0 0
400 152 0 0 0
408 152 0 0 0
416 152 0 0 0
424 152 0 0 0
432 152 0 0 0
440 152 0 0 0
448 152 0 0 0
456 152 0 0 0
464 152 0 0 0
472 152 0 0 0
480 152 0 0 0
488 152 0 0 0
496 152 0 0 0
504 152 0 0 0
0 160 0 0 0
8 160 0 0 0
16 160 0 0 0
24 160 0 0 0
32 160 0 0 0
40 160 0 0 0
48 160 0 0 0
56 160 0 0 0
64 160 0 0 0
72 160 0 0 0
80 160 0 0 0
88 160 0 0 0
96 160 0 0 0
104 160 0 0 0
112 160 0 0 0
120 160 0 0 0
128 160 0 0 0
136 160 0 0 0
144 160 0 0 0
152 160 0 0 0
160 160 0 1 0
168 160 0 1 0
176 160 0 1 0
184 160 0 1 0
192 160 0 1 0
200 160 0 1 0
208 160 0 1 0
216 160 0 1 0
224 160 0 1 0
232 160 0 1 0
240 160 0 1 0
248 160 0 1 0
256 160 0 1 0
264 160 0 1 0
272 160 0 1 0
280 160 0 1 0
288 160 0 1 0
296 160 0 1 0
304 160 0 1 0
312 160 0 1 0
320 160 0 1 0
328 160 0 1 0
336 160 0 1 0
344 160 0 1 0
352 160 0 0 0
360 160 0 0 0
368 160 0 0 0
376 160 0 0 0
384 160 0 0 0
392 160 0 0 0
400 160 0 0 0
408 160 0 0 0
416 160 0 0 0
424 160 0 0 0
432 160 0 0 0
440 160 0 0 0
448 160 0 0 0
456 160 0 0 0
464 160 0 0 0
472 160 0 0 0
480 160 0 0 0
488 160 0 0 0
496 160 0 0 0
504 160 0 0 0
0 168 0 0 0
8 168 0 0 0
16 168 0 0 0
24 168 0 0 0
32 168 0 0 0
40 168 0 0 0
48 168 0 0 0
56 168 0 0 0
64 168 0 0 0
72 168 0 0 0
80 168 0 0 0
88 168 0 0 0
96 168 0 0 0
104 168 0 0 0
112 168 0 0 0
120 168 0 0 0
128 168 0 0 0
136 168 0 0 0
144 168 0 0 0
152 168 0 1 0
160 168 0 1 0
168 168 0 1 0
176 168 0 1 0
184 168 0 1 0
192 168 0 1 0
200 168 0 1 0
208 168 0 1 0
216 168 0 1 0
224 168 0 1 0
232 168 0 1 0
240 168 0 1 0
248 168 0 1 0
256 168 0 1 0
264 168 0 1 0
272 168 0 1 0
280 168 0 1 0
288 168 0 1 0
296 168 0 1 0
304 168 0 1 0
312 168 0 1 0
320 168 0 1 0
328 168 0 1 0
336 168 0 1 0
344 168 0 1 0
352 168 0 1 0
360 168 0 0 0
368 168 0 0 0
376 168 0 0 0
384 168 0 0 0
392 168 0 0 0
400 168 0 0 0
408 168 0 0 0
416 168 0 0 0
424 168 0 0 0
432 168 0 0 0
440 168 0 0 0
448 168 0 0 0
456 168 0 0 0
464 168 0 0 0
472 168 0 0 0
480 168 0 0 0
488 168 0 0 0
496 168 0 0 0
504 168 0 0 0
0 176 0 0 0
8 176 0 0 0
16 176 0 0 0
24 176 0 0 0
32 176 0 0 0
40 176 0 0 0
48 176 0 0 0
56 176 0 0 0
64 176 0 0 0
72 176 0 0 0
80 176 0 0 0
88 176 0 0 0
96 176 0 0 0
104 176 0 0 0
112 176 0 0 0
120 176 0 0 0
128 176 0 0 0
136 176 0 0 0
144 176 0 1 0
152 176 0 1 0
160 176 0 1 0
168 176 0 1 0
176 176 0 1 0
184 176 0 1 0
192 176 0 1 0
200 176 0 1 0
208 176 0 1 0
216 176 0 1 0
224 176 0 1 0
232 176 0 1 0
240 176 0 1 0
248 176 0 1 0
256 176 0 1 0
264 176 0 1 0
272 176 0 1 0
280 176 0 1 0
288 176 0 1 0
296 176 0 1 0
304 176 0 1 0
312 176 0 1 0
320 176 0 1 0
328 176 0 1 0
336 176 0 1 0
344 176 0 1 0
352 176 0 1 0
360 176 0 1 0
368 176 0 0 0
376 176 0 0 0
384 176 0 0 0
392 176 0 0 0
400 176 0 0 0
408 176 0 0 0
416 176 0 0 0
424 176 0 0 0
432 176 0 0 0
440 176 0 0 0
448 176 0 0 0
456 176 0 0 0
464 176 0 0 0
472 176 0 0 0
480 176 0 0 0
488 176 0 0 0
496 176 0 0 0
504 176 0 0 0
0 184 0 0 0
8 184 0 0 0
16 184 0 0 0
24 184 0 0 0
32 184 0 0 0
40 184 0 0 0
48 184 0 0 0
56 184 0 0 0
64 184 0 0 0
72 184 0 0 0
80 184 0 0 0
88 184 0 0 0
96 184 0 0 0
104 184 0 0 0
112 184 0 0 0
120 184 0 0 0
128 184 0 0 0
136 184 0 0 0
144 184 0 1 0
152 184 0 1 0
160 184 0 1 0
168 184 0 1 0
176 184 0 1 0
184 184 0 1 0
192 184 0 1 0
200 184 0 1 0
208 184 0 1 0
216 184 0 1 0
224 184 0 1 0
232 184 0 1 0
240 184 0 1 0
248 184 0 1 0
256 184 0 1 0
264 184 0 1 0
272 184 0 1 0
280 184 0 1 0
288 184 0 1 0
296 184 0 1 0
304 184 0 1 0
312 184 0 1 0
320 184 0 1 0
328 184 0 1 0
336 184 0 1 0
344 184 0 1 0
352 184 0 1 0
360 184 0 1 0
368 184 0 0 0
376 184 0 0 0
384 184 0 0 0
392 184 0 0 0
400 184 0 0 0
408 184 0 0 0
416 184 0 0 0
424 184 0 0 0
432 184 0 0 0
440 184 0 0 0
448 184 0 0 0
456 184 0 0 0
464 184 0 0 0
472 184 0 0 0
480 184 0 0 0
488 184 0 0 0
496 184 0 0 0
504 184 0 0 0
0 192 0 0 0
8 192 0 0 0
16 192 0 0 0
24 192 0 0 0
32 192 0 0 0
40 192 0 0 0
48 192 0 0 0
56 192 0 0 0
64 192 0 0 0
72 192 0 0 0
80 192 0 0 0
88 192 0 0 0
96 192 0 0 0
104 192 0 0 0
112 192 0 0 0
120 192 0 0 0
128 192 0 0 0
136 192 0 1 0
144 192 0 1 0
152 192 0 1 0
160 192 0 1 0
168 192 0 1 0
176 192 0 1 0
184 192 0 1 0
192 192 0 1 0
200 192 0 1 0
208 192 0 1 0
216 192 0 1 0
224 192 0 1 0
232 192 0 1 0
240 192 0 1 0
248 192 0 1 0
256 192 0 1 0
264 192 0 1 0
272 192 0 1 0
280 192 0 1 0
288 192 0 1 0
296 192 0 1 0
304 192 0 1 0
312 192 0 1 0
320 192 0 1 0
328 192 0 1 0
336 192 0 1 0
344 192 0 1 0
352 192 0 1 0
360 192 0 1 0
368 192 0 1 0
376 192 0 0 0
384 192 0 0 0
392 192 0 0 0
400 192 0 0 0
408 192 0 0 0
416 192 0 0 0
424 192 0 0 0
432 192 0 0 0
440 192 0 0 0
448 192 0 0 0
456 192 0 0 0
464 192 0 0 0
472 192 0 0 0
480 192 0 0 0
488 192 0 0 0
496 192 0 0 0
504 192 0 0 0
0 200 0 0 0
8 200 0 0 0
16 200 0 0 0
24 200 0 0 0
32 200 0 0 0
40 200 0 0 0
48 200 0 0 0
56 200 0 0 0
64 200 0 0 0
72 200 0 0 0
80 200 0 0 0
88 200 0 0 0
96 200 0 0 0
104 200 0 0 0
112 200 0 0 0
120 200 0 0 0
128 200 0 0 0
136 200 0 1 0
144 200 0 1 0
152 200 0 1 0
160 200 0 1 0
168 200 0 1 0
176 200 0 1 0
184 200 0 1 0
192 200 0 1 0
200 200 0 1 0
208 200 0 1 0
216 200 0 1 0
224 200 0 1 0
232 200 0 1 0
240 200 0 1 0
248 200 0 1 0
256 200 0 1 0
264 200 0 1 0
272 200 0 1 0
280 200 0 1 0
288 200 0 1 0
296 200 0 1 0
304 200 0 1 0
312 200 0 1 0
320 200 0 1 0
328 200 0 1 0
336 200 0 1 0
344 200 0 1 0
352 200 0 1 0
360 200 0 1 0
368 200 0 1 0
376 200 0 0 0
384 200 0 0 0
392 200 0 0 0
400 200 0 0 0
408 200 0 0 0
416 200 0 0 0
424 200 0 0 0
432 200 0 0 0
440 200 0 0 0
448 200 0 0 0
456 200 0 0 0
464 200 0 0 0
472 200 0 0 0
480 200 0 0 0
488 200 0 0 0
496 200 0 0 0
504 200 0 0 0
0 208 0 0 0
8 208 0 0 0
16 208 0 0 0
24 208 0 0 0
32 208 0 0 0
40 208 0 0 0
48 208 0 0 0
56 208 0 0 0
64 208 0 0 0
72 208 0 0 0
80 208 0 0 0
88 208 0 0 0
96 208 0 0 0
104 208 0 0 0
112 208 0 0 0
120 208 0 0 0
128 208 0 1 0
136 208 0 1 0
144 208 0 1 0
152 208 0 1 0
160 208 0 1 0
168 208 0 1 0
176 208 0 1 0
184 208 0 1 0
192 208 0 1 0
200 208 0 1 0
208 208 0 1 0
216 208 0 1 0
224 208 0 1 0
232 208 0 1 0
240 208 0 1 0
248 208 0 1 0
256 208 0 1 0
264 208 0 1 0
272 208 0 1 0
280 208 0 1 0
288 208 0 1 0
296 208 0 1 0
304 208 0 1 0
312 208 0 1 0
320 208 0 1 0
328 208 0 1 0
336 208 0 1 0
344 208 0 1 0
352 208 0 1 0
360 208 0 1 0
368 208 0 1 0
376 208 0 1 0
384 208 0 0 0
392 208 0 0 0
400 208 0 0 0
408 208 0 0 0
416 208 0 0 0
424 208 0 0 0
432 208 0 0 0
440 208 0 0 0
448 208 0 0 0
456 208 0 0 0
464 208 0 0 0
472 208 0 0 0
480 208 0 0 0
488 208 0 0 0
496 208 0 0 0
504 208 0 0 0
0 216 0 0 0
8 216 0 0 0
16 216 0 0 0
24 216 0 0 0
32 216 0 0 0
40 216 0 0 0
48 216 0 0 0
56 216 0 0 0
64 216 0 0 0
72 216 0 0 0
80 216 0 0 0
88 216 0 0 0
96 216 0 0 0
104 216 0 0 0
112 216 0 0 0
120 216 0 0 0
128 216 0 1 0
136 216 0 1 0
144 216 0 1 0
152 216 0 1 0
160 216 0 1 0
168 216 0 1 0
176 216 0 1 0
184 216 0 1 0
192 216 0 1 0
200 216 0 1 0
208 216 0 1 0
216 216 0 1 0
224 216 0 1 0
232 216 0 1 0
240 216 0 1 0
248 216 0 1 0
256 216 0 1 0
264 216 0 1 0
272 216 0 1 0
280 216 0 1 0
288 216 0 1 0
296 216 0 1 0
304 216 0 1 0
312 216 0 1 0
320 216 0 1 0
328 216 0 1 0
336 216 0 1 0
344 216 0 1 0
352 216 0 1 0
360 216 0 1 0
368 216 0 1 0
376 216 0 1 0
384 216 0 0 0
392 216 0 0 0
400 216 0 0 0
408 216 0 0 0
416 216 0 0 0
424 216 0 0 0
432 216 0 0 0
440 216 0 0 0
448 216 0 0 0
456 216 0 0 0
464 216 0 0 0
472 216 0 0 0
480 216 0 0 0
488 216 0 0 0
496 216 0 0 0
504 216 0 0 0
0 224 0 0 0
8 224 0 0 0
16 224 0 0 0
24 224 0 0 0
32 224 0 0 0
40 224 0 0 0
48 224 0 0 0
56 224 0 0 0
64 224 0 0 0
72 224 0 0 0
80 224 0 0 0
88 224 0 0 0
96 224 0 0 0
104 224 0 0 0
112 224 0 0 0
120 224 0 0 0
128 224 0 1 0
136 224 0 1 0
144 224 0 1 0
152 224 0 1 0
160 224 0 1 0
168 224 0 1 0
176 224 0 1 0
184 224 0 1 0
192 224 0 1 0
200 224 0 1 0
208 224 0 1 0
216 224 0 1 0
224 224 0 1 0
232 224 0 1 0
240 224 0 1 0
248 224 0 1 0
256 224 0 1 0
264 224 0 1 0
272 224 0 1 0
280 224 0 1 0
288 224 0 1 0
296 224 0 1 0
304 224 0 1 0
312 224 0 1 0
320 224 0 1 0
328 224 0 1 0
336 224 0 1 0
344 224 0 1 0
352 224 0 1 0
360 224 0 1 0
368 224 0 1 0
376 224 0 1 0
384 224 0 0 0
392 224 0 0 0
400 224 0 0 0
408 224 0 0 0
416 224 0 0 0
424 224 0 0 0
432 224 0 0 0
440 224 0 0 0
448 224 0 0 0
456 224 0 0 0
464 224 0 0 0
472 224 0 0 0
480 224 0 0 0
488 224 0 0 0
496 224 0 0 0
504 224 0 0 0
0 232 0 0 0
8 232 0 0 0
16 232 0 0 0
24 232 0 0 0
32 232 0 0 0
40 232 0 0 0
48 232 0 0 0
56 232 0 0 0
64 232 0 0 0
72 232 0 0 0
80 232 0 0 0
88 232 0 0 0
96 232 0 0 0
104 232 0 0 0
112 232 0 0 0
120 232 0 0 0
128 232 0 1 0
136 232 0 1 0
144 232 0 1 0
152 232 0 1 0
160 232 0 1 0
168 232 0 1 0
176 232 0 1 0
184 232 0 1 0
192 232 0 1 0
200 232 0 1 0
208 232 0 1 0
216 232 0 1 0
224 232 0 1 0
232 232 0 1 0
240 232 0 1 0
248 232 0 1 0
256 232 0 1 0
264 232 0 1 0
272 232 0 1 0
280 232 0 1 0
288 232 0 1 0
296 232 0 1 0
304 232 0 1 0
312 232 0 1 0
320 232 0 1 0
328 232 0 1 0
336 232 0 1 0
344 232 0 1 0
352 232 0 1 0
360 232 0 1 0
368 232 0 1 0
376 232 0 1 0
384 232 0 0 0
392 232 0 0 0
400 232 0 0 0
408 232 0 0 0
416 232 0 0 0
424 232 0 0 0
432 232 0 0 0
440 232 0 0 0
448 232 0 0 0
456 232 0 0 0
464 232 0 0 0
472 232 0 0 0
480 232 0 0 0
488 232 0 0 0
496 232 0 0 0
504 232 0 0 0
0 240 0 0 0
8 240 0 0 0
16 240 0 0 0
24 240 0 0 0
32 240 0 0 0
40 240 0 0 0
48 240 0 0 0
56 240 0 0 0
64 240 0 0 0
72 240 0 0 0
80 240 0 0 0
88 240 0 0 0
96 240 0 0 0
104 240 0 0 0
112 240 0 0 0
120 240 0 0 0
128 240 0 1 0
136 240 0 1 0
144 240 0 1 0
152 240 0 1 0
160 240 0 1 0
168 240 0 1 0
176 240 0 1 0
184 240 0 1 0
192 240 0 1 0
200 240 0 1 0
208 240 0 1 0
216 240 0 1 0
224 240 0 1 0
232 240 0 1 0
240 240 0 1 0
248 240 0 1 0
256 240 0 1 0
264 240 0 1 0
272 240 0 1 0
280 240 0 1 0
288 240 0 1 0
296 240 0 1 0
304 240 0 1 0
312 240 0 1 0
320 240 0 1 0
328 240 0 1 0
336 240 0 1 0
344 240 0 1 0
352 240 0 1 0
360 240 0 1 0
368 240 0 1 0
376 240 0 1 0
384 240 0 0 0
392 240 0 0 0
400 240 0 0 0
408 240 0 0 0
416 240 0 0 0
424 240 0 0 0
432 240 0 0 0
440 240 0 0 0
448 240 0 0 0
456 240 0 0 0
464 240 0 0 0
472 240 0 0 0
480 240 0 0 0
488 240 0 0 0
496 240 0 0 0
504 240 0 0 0
0 248 0 0 0
8 248 0 0 0
16 248 0 0 0
24 248 0 0 0
32 248 0 0 0
40 248 0 0 0
48 248 0 0 0
56 248 0 0 0
64 248 0 0 0
72 248 0 0 0
80 248 0 0 0
88 248 0 0 0
96 248 0 0 0
104 248 0 0 0
112 248 0 0 0
120 248 0 1 0
128 248 0 1 0
136 248 0 1 0
144 248 0 1 0
152 248 0 1 0
160 248 0 1 0
168 248 0 1 0
176 248 0 1 0
184 248 0 1 0
192 248 0 1 0
200 248 0 1 0
208 248 0 1 0
216 248 0 1 0
224 248 0 1 0
232 248 0 1 0
240 248 0 1 0
248 248 0 1 0
256 248 0 1 0
264 248 0 1 0
272 248 0 1 0
280 248 0 1 0
288 248 0 1 0
296 248 0 1 0
304 248 0 1 0
312 248 0 1 0
320 248 0 1 0
328 248 0 1 0
336 248 0 1 0
344 248 0 1 0
352 248 0 1 0
360 248 0 1 0
368 248 0 1 0
376 248 0 1 0
384 248 0 1 0
392 248 0 0 0
400 248 0 0 0
408 248 0 0 0
416 248 0 0 0
424 248 0 0 0
432 248 0 0 0
440 248 0 0 0
448 248 0 0 0
456 248 0 0 0
464 248 0 0 0
472 248 0 0 0
480 248 0 0 0
488 248 0 0 0
496 248 0 0 0
504 248 0 0 0
0 256 0 0 0
8 256 0 0 0
16 256 0 0 0
24 256 0 0 0
32 256 0 0 0
40 256 0 0 0
48 256 0 0 0
56 256 0 0 0
64 256 0 0 0
72 256 0 0 0
80 256 0 0 0
88 256 0 0 0
96 256 0 0 0
104 256 0 0 0
112 256 0 0 0
120 256 0 1 0
128 256 0 1 0
136 256 0 1 0
144 256 0 1 0
152 256 0 1 0
160 256 0 1 0
168 256 0 1 0
176 256 0 1 0
184 256 0 1 0
192 256 0 1 0
200 256 0 1 0
208 256 0 1 0
216 256 0 1 0
224 256 0 1 0
232 256 0 1 0
240 256 0 1 0
248 256 0 1 0
256 256 0 1 0
264 256 0 1 0
272 256 0 1 0
280 256 0 1 0
288 256 0 1 0
296 256 0 1 0
304 256 0 1 0
312 256 0 1 0
320 256 0 1 0
328 256 0 1 0
336 256 0 1 0
344 256 0 1 0
352 256 0 1 0
360 256 0 1 0
368 256 0 1 0
376 256 0 1 0
384 256 0 1 0
392 256 0 0 0
400 256 0 0 0
408 256 0 0 0
416 256 0 0 0
424 256 0 0 0
432 256 0 0 0
440 256 0 0 0
448 256 0 0 0
456 256 0 0 0
464 256 0 0 0
472 256 0 0 0
480 256 0 0 0
488 256 0 0 0
496 256 0 0 0
504 256 0 0 0
0 264 0 0 0
8 264 0 0 0
16 264 0 0 0
24 264 0 0 0
32 264 0 0 0
40 264 0 0 0
48 264 0 0 0
56 264 0 0 0
64 264 0 0 0
72 264 0 0 0
80 264 0 0 0
88 264 0 0 0
96 264 0 0 0
104 264 0 0 0
112 264 0 0 0
120 264 0 0 0
128 264 0 1 0
136 264 0 1 0
144 264 0 1 0
152 264 0 1 0
160 264 0 1 0
168 264 0 1 0
176 264 0 1 0
184 264 0 1 0
192 264 0 1 0
200 264 0 1 0
208 264 0 1 0
216 264 0 1 0
224 264 0 1 0
232 264 0 1 0
240 264 0 1 0
248 264 0 1 0
256 264 0 1 0
264 264 0 1 0
272 264 0 1 0
280 264 0 1 0
288 264 0 1 0
296 264 0 1 0
304 264 0 1 0
312 264 0 1 0
320 264 0 1 0
328 264 0 1 0
336 264 0 1 0
344 264 0 1 0
352 264 0 1 0
360 264 0 1 0
368 264 0 1 0
376 264 0 1 0
384 264 0 0 0
392 264 0 0 0
400 264 0 0 0
408 264 0 0 0
416 264 0 0 0
424 264 0 0 0
432 264 0 0 0
440 264 0 0 0
448 264 0 0 0
456 264 0 0 0
464 264 0 0 0
472 264 0 0 0
480 264 0 0 0
488 264 0 0 0
496 264 0 0 0
504 264 0 0 0
0 272 0 0 0
8 272 0 0 0
16 272 0 0 0
24 272 0 0 0
32 272 0 0 0
40 272 0 0 0
48 272 0 0 0
56 272 0 0 0
64 272 0 0 0
72 272 0 0 0
80 272 0 0 0
88 272 0 0 0
96 272 0 0 0
104 272 0 0 0
112 272 0 0 0
120 272 0 0 0
128 272 0 1 0
136 272 0 1 0
144 272 0 1 0
152 272 0 1 0
160 272 0 1 0
168 272 0 1 0
176 272 0 1 0
184 272 0 1 0
192 272 0 1 0
200 272 0 1 0
208 272 0 1 0
216 272 0 1 0
224 272 0 1 0
232 272 0 1 0
240 272 0 1 0
248 272 0 1 0
256 272 0 1 0
264 272 0 1 0
272 272 0 1 0
280 272 0 1 0
288 272 0 1 0
296 272 0 1 0
304 272 0 1 0
312 272 0 1 0
320 272 0 1 0
328 272 0 1 0
336 272 0 1 0
344 272 0 1 0
352 272 0 1 0
360 272 0 1 0
368 272 0 1 0
376 272 0 1 0
384 272 0 0 0
392 272 0 0 0
400 272 0 0 0
408 272 0 0 0
416 272 0 0 0
424 272 0 0 0
432 272 0 0 0
440 272 0 0 0
448 272 0 0 0
456 272 0 0 0
464 272 0 0 0
472 272 0 0 0
480 272 0 0 0
488 272 0 0 0
496 272 0 0 0
504 272 0 0 0
0 280 0 0 0
8 280 0 0 0
16 280 0 0 0
24 280 0 0 0
32 280 0 0 0
40 280 0 0 0
48 280 0 0 0
56 280 0 0 0
64 280 0 0 0
72 280 0 0 0
80 280 0 0 0
88 280 0 0 0
96 280 0 0 0
104 280 0 0 0
112 280 0 0 0
120 280 0 0 0
128 280 0 1 0
136 280 0 1 0
144 280 0 1 0
152 280 0 1 0
160 280 0 1 0
168 280 0 1 0
176 280 0 1 0
184 280 0 1 0
192 280 0 1 0
200 280 0 1 0
208 280 0 1 0
216 280 0 1 0
224 280 0 1 0
232 280 0 1 0
240 280 0 1 0
248 280 0 1 0
256 280 0 1 0
264 280 0 1 0
272 280 0 1 0
280 280 0 1 0
288 280 0 1 0
296 280 0 1 0
304 280 0 1 0
312 280 0 1 0
320 280 0 1 0
328 280 0 1 0
336 280 0 1 0
344 280 0 1 0
352 280 0 1 0
360 280 0 1 0
368 280 0 1 0
376 280 0 1 0
384 280 0 0 0
392 280 0 0 0
400 280 0 0 0
408 280 0 0 0
416 280 0 0 0
424 280 0 0 0
432 280 0 0 0
440 280 0 0 0
448 280 0 0 0
456 280 0 0 0
464 280 0 0 0
472 280 0 0 0
480 280 0 0 0
488 280 0 0 0
496 280 0 0 0
504 280 0 0 0
0 288 0 0 0
8 288 0 0 0
16 288 0 0 0
24 288 0 0 0
32 288 0 0 0
40 288 0 0 0
48 288 0 0 0
56 288 0 0 0
64 288 0 0 0
72 288 0 0 0
80 288 0 0 0
88 288 0 0 0
96 288 0 0 0
104 288 0 0 0
112 288 0 0 0
120 288 0 0 0
128 288 0 1 0
136 288 0 1 0
144 288 0 1 0
152 288 0 1 0
160 288 0 1 0
168 288 0 1 0
176 288 0 1 0
184 288 0 1 0
192 288 0 1 0
200 288 0 1 0
208 288 0 1 0
216 288 0 1 0
224 288 0 1 0
232 288 0 1 0
240 288 0 1 0
248 288 0 1 0
256 288 0 1 0
264 288 0 1 0
272 288 0 1 0
280 288 0 1 0
288 288 0 1 0
296 288 0 1 0
304 288 0 1 0
312 288 0 1 0
320 288 0 1 0
328 288 0 1 0
336 288 0 1 0
344 288 0 1 0
352 288 0 1 0
360 288 0 1 0
368 288 0 1 0
376 288 0 1 0
384 288 0 0 0
392 288 0 0 0
400 288 0 0 0
408 288 0 0 0
416 288 0 0 0
424 288 0 0 0
432 288 0 0 0
440 288 0 0 0
448 288 0 0 0
456 288 0 0 0
464 288 0 0 0
472 288 0 0 0
480 288 0 0 0
488 288 0 0 0
496 288 0 0 0
504 288 0 0 0
0 296 0 0 0
8 296 0 0 0
16 296 0 0 0
24 296 0 0 0
32 296 0 0 0
40 296 0 0 0
48 296 0 0 0
56 296 0 0 0
64 296 0 0 0
72 296 0 0 0
80 296 0 0 0
88 296 0 0 0
96 296 0 0 0
104 296 0 0 0
112 296 0 0 0
120 296 0 0 0
128 296 0 1 0
136 296 0 1 0
144 296 0 1 0
152 296 0 1 0
160 296 0 1 0
168 296 0 1 0
176 296 0 1 0
184 296 0 1 0
192 296 0 1 0
200 296 0 1 0
208 296 0 1 0
216 296 0 1 0
224 296 0 1 0
232 296 0 1 0
240 296 0 1 0
248 296 0 1 0
256 296 0 1 0
264 296 0 1 0
272 296 0 1 0
280 296 0 1 0
288 296 0 1 0
296 296 0 1 0
304 296 0 1 0
312 296 0 1 0
320 296 0 1 0
328 296 0 1 0
336 296 0 1 0
344 296 0 1 0
352 296 0 1 0
360 296 0 1 0
368 296 0 1 0
376 296 0 1 0
384 296 0 0 0
392 296 0 0 0
400 296 0 0 0
408 296 0 0 0
416 296 0 0 0
424 296 0 0 0
432 296 0 0 0
440 296 0 0 0
448 296 0 0 0
456 296 0 0 0
464 296 0 0 0
472 296 0 0 0
480 296 0 0 0
488 296 0 0 0
496 296 0 0 0
504 296 0 0 0
0 304 0 0 0
8 304 0 0 0
16 304 0 0 0
24 304 0 0 0
32 304 0 0 0
40 304 0 0 0
48 304 0 0 0
56 304 0 0 0
64 304 0 0 0
72 304 0 0 0
80 304 0 0 0
88 304 0 0 0
96 304 0 0 0
104 304 0 0 0
112 304 0 0 0
120 304 0 0 0
128 304 0 0 0
136 304 0 1 0
144 304 0 1 0
152 304 0 1 0
160 304 0 1 0
168 304 0 1 0
176 304 0 1 0
184 304 0 1 0
192 304 0 1 0
200 304 0 1 0
208 304 0 1 0
216 304 0 1 0
224 304 0 1 0
232 304 0 1 0
240 304 0 1 0
248 304 0 1 0
256 304 0 1 0
264 304 0 1 0
272 304 0 1 0
280 304 0 1 0
288 304 0 1 0
296 304 0 1 0
304 304 0 1 0
312 304 0 1 0
320 304 0 1 0
328 304 0 1 0
336 304 0 1 0
344 304 0 1 0
352 304 0 1 0
360 304 0 1 0
368 304 0 1 0
376 304 0 0 0
384 304 0 0 0
392 304 0 0 0
400 304 0 0 0
408 304 0 0 0
416 304 0 0 0
424 304 0 0 0
432 304 0 0 0
440 304 0 0 0
448 304 0 0 0
456 304 0 0 0
464 304 0 0 0
472 304 0 0 0
480 304 0 0 0
488 304 0 0 0
496 304 0 0 0
504 304 0 0 0
0 312 0 0 0
8 312 0 0 0
16 312 0 0 0
24 312 0 0 0
32 312 0 0 0
40 312 0 0 0
48 312 0 0 0
56 312 0 0 0
64 312 0 0 0
72 312 0 0 0
80 312 0 0 0
88 312 0 0 0
96 312 0 0 0
104 312 0 0 0
112 312 0 0 0
120 312 0 0 0
128 312 0 0 0
136 312 0 1 0
144 312 0 1 0
152 312 0 1 0
160 312 0 1 0
168 312 0 1 0
176 312 0 1 0
184 312 0 1 0
192 312 0 1 0
200 312 0 1 0
208 312 0 1 0
216 312 0 1 0
224 312 0 1 0
232 312 0 1 0
240 312 0 1 0
248 312 0 1 0
256 312 0 1 0
264 312 0 1 0
272 312 0 1 0
280 312 0 1 0
288 312 0 1 0
296 312 0 1 0
304 312 0 1 0
312 312 0 1 0
320 312 0 1 0
328 312 0 1 0
336 312 0 1 0
344 312 0 1 0
352 312 0 1 0
360 312 0 1 0
368 312 0 1 0
376 312 0 0 0
384 312 0 0 0
392 312 0 0 0
400 312 0 0 0
408 312 0 0 0
416 312 0 0 0
424 312 0 0 0
432 312 0 0 0
440 312 0 0 0
448 312 0 0 0
456 312 0 0 0
464 312 0 0 0
472 312 0 0 0
480 312 0 0 0
488 312 0 0 0
496 312 0 0 0
504 312 0 0 0
0 320 0 0 0
8 320 0 0 0
16 320 0 0 0
24 320 0 0 0
32 320 0 0 0
40 320 0 0 0
48 320 0 0 0
56 320 0 0 0
64 320 0 0 0
72 320 0 0 0
80 320 0 0 0
88 320 0 0 0
96 320 0 0 0
104 320 0 0 0
112 320 0 0 0
120 320 0 0 0
128 320 0 0 0
136 320 0 0 0
144 320 0 1 0
152 320 0 1 0
160 320 0 1 0
168 320 0 1 0
176 320 0 1 0
184 320 0 1 0
192 320 0 1 0
200 320 0 1 0
208 320 0 1 0
216 320 0 1 0
224 320 0 1 0
232 320 0 1 0
240 320 0 1 0
248 320 0 1 0
256 320 0 1 0
264 320 0 1 0
272 320 0 1 0
280 320 0 1 0
288 320 0 1 0
296 320 0 1 0
304 320 0 1 0
312 320 0 1 0
320 320 0 1 0
328 320 0 1 0
336 320 0 1 0
344 320 0 1 0
352 320 0 1 0
360 320 0 1 0
368 320 0 0 0
376 320 0 0 0
384 320 0 0 0
392 320 0 0 0
400 320 0 0 0
408 320 0 0 0
416 320 0 0 0
424 320 0 0 0
432 320 0 0 0
440 320 0 0 0
448 320 0 0 0
456 320 0 0 0
464 320 0 0 0
472 320 0 0 0
480 320 0 0 0
488 320 0 0 0
496 320 0 0 0
504 320 0 0 0
0 328 0 0 0
8 328 0 0 0
16 328 0 0 0
24 328 0 0 0
32 328 0 0 0
40 328 0 0 0
48 328 0 0 0
56 328 0 0 0
64 328 0 0 0
72 328 0 0 0
80 328 0 0 0
88 328 0 0 0
96 328 0 0 0
104 328 0 0 0
112 328 0 0 0
120 328 0 0 0
128 328 0 0 0
136 328 0 0 0
144 328 0 1 0
152 328 0 1 0
160 328 0 1 0
168 328 0 1 0
176 328 0 1 0
184 328 0 1 0
192 328 0 1 0
200 328 0 1 0
208 328 0 1 0
216 328 0 1 0
224 328 0 1 0
232 328 0 1 0
240 328 0 1 0
248 328 0 1 0
256 328 0 1 0
264 328 0 1 0
272 328 0 1 0
280 328 0 1 0
288 328 0 1 0
296 328 0 1 0
304 328 0 1 0
312 328 0 1 0
320 328 0 1 0
328 328 0 1 0
336 328 0 1 0
344 328 0 1 0
352 328 0 1 0
360 328 0 1 0
368 328 0 0 0
376 328 0 0 0
384 328 0 0 0
392 328 0 0 0
400 328 0 0 0
408 328 0 0 0
416 328 0 0 0
424 328 0 0 0
432 328 0 0 0
440 328 0 0 0
448 328 0 0 0
456 328 0 0 0
464 328 0 0 0
472 328 0 0 0
480 328 0 0 0
488 328 0 0 0
496 328 0 0 0
504 328 0 0 0
0 336 0 0 0
8 336 0 0 0
16 336 0 0 0
24 336 0 0 0
32 336 0 0 0
40 336 0 0 0
48 336 0 0 0
56 336 0 0 0
64 336 0 0 0
72 336 0 0 0
80 336 0 0 0
88 336 0 0 0
96 336 0 0 0
104 336 0 0 0
112 336 0 0 0
120 336 0 0 0
128 336 0 0 0
136 336 0 0 0
144 336 0 0 0
152 336 0 1 0
160 336 0 1 0
168 336 0 1 0
176 336 0 1 0
184 336 0 1 0
192 336 0 1 0
200 336 0 1 0
208 336 0 1 0
216 336 0 1 0
224 336 0 1 0
232 336 0 1 0
240 336 0 1 0
248 336 0 1 0
256 336 0 1 0
264 336 0 1 0
272 336 0 1 0
280 336 0 1 0
288 336 0 1 0
296 336 0 1 0
304 336 0 1 0
312 336 0 1 0
320 336 0 1 0
328 336 0 1 0
336 336 0 1 0
344 336 0 1 0
352 336 0 1 0
360 336 0 0 0
368 336 0 0 0
376 336 0 0 0
384 336 0 0 0
392 336 0 0 0
400 336 0 0 0
408 336 0 0 0
416 336 0 0 0
424 336 0 0 0
432 336 0 0 0
440 336 0 0 0
448 336 0 0 0
456 336 0 0 0
464 336 0 0 0
472 336 0 0 0
480 336 0 0 0
488 336 0 0 0
496 336 0 0 0
504 336 0 0 0
0 344 0 0 0
8 344 0 0 0
16 344 0 0 0
24 344 0 0 0
32 344 0 0 0
40 344 0 0 0
48 344 0 0 0
56 344 0 0 0
64 344 0 0 0
72 344 0 0 0
80 344 0 0 0
88 344 0 0 0
96 344 0 0 0
104 344 0 0 0
112 344 0 0 0
120 344 0 0 0
128 344 0 0 0
136 344 0 0 0
144 344 0 0 0
152 344 0 0 0
160 344 0 1 0
168 344 0 1 0
176 344 0 1 0
184 344 0 1 0
192 344 0 1 0
200 344 0 1 0
208 344 0 1 0
216 344 0 1 0
224 344 0 1 0
232 344 0 1 0
240 344 0 1 0
248 344 0 1 0
256 344 0 1 0
264 344 0 1 0
272 344 0 1 0
280 344 0 1 0
288 344 0 1 0
296 344 0 1 0
304 344 0 1 0
312 344 0 1 0
320 344 0 1 0
328 344 0 1 0
336 344 0 1 0
344 344 0 1 0
352 344 0 0 0
360 344 0 0 0
368 344 0 0 0
376 344 0 0 0
384 344 0 0 0
392 344 0 0 0
400 344 0 0 0
408 344 0 0 0
416 344 0 0 0
424 344 0 0 0
432 344 0 0 0
440 344 0 0 0
448 344 0 0 0
456 344 0 0 0
464 344 0 0 0
472 344 0 0 0
480 344 0 0 0
488 344 0 0 0
496 344 0 0 0
504 344 0 0 0
0 352 0 0 0
8 352 0 0 0
16 352 0 0 0
24 352 0 0 0
32 352 0 0 0
40 352 0 0 0
48 352 0 0 0
56 352 0 0 0
64 352 0 0 0
72 352 0 0 0
80 352 0 0 0
88 352 0 0 0
96 352 0 0 0
104 352 0 0 0
112 352 0 0 0
120 352 0 0 0
128 352 0 0 0
136 352 0 0 0
144 352 0 0 0
152 352 0 0 0
160 352 0 0 0
168 352 0 1 0
176 352 0 1 0
184 352 0 1 0
192 352 0 1 0
200 352 0 1 0
208 352 0 1 0
216 352 0 1 0
224 352 0 1 0
232 352 0 1 0
240 352 0 1 0
248 352 0 1 0
256 352 0 1 0
264 352 0 1 0
272 352 0 1 0
280 352 0 1 0
288 352 0 1 0
296 352 0 1 0
304 352 0 1 0
312 352 0 1 0
320 352 0 1 0
328 352 0 1 0
336 352 0 1 0
344 352 0 0 0
352 352 0 0 0
360 352 0 0 0
368 352 0 0 0
376 352 0 0 0
384 352 0 0 0
392 352 0 0 0
400 352 0 0 0
408 352 0 0 0
416 352 0 0 0
424 352 0 0 0
432 352 0 0 0
440 352 0 0 0
448 352 0 0 0
456 352 0 0 0
464 352 0 0 0
472 352 0 0 0
480 352 0 0 0
488 352 0 0 0
496 352 0 0 0
504 352 0 0 0
0 360 0 0 0
8 360 0 0 0
16 360 0 0 0
24 360 0 0 0
32 360 0 0 0
40 360 0 0 0
48 360 0 0 0
56 360 0 0 0
64 360 0 0 0
72 360 0 0 0
80 360 0 0 0
88 360 0 0 0
96 360 0 0 0
104 360 0 0 0
112 360 0 0 0
120 360 0 0 0
128 360 0 0 0
136 360 0 0 0
144 360 0 0 0
152 360 0 0 0
160 360 0 0 0
168 360 0 0 0
176 360 0 1 0
184 360 0 1 0
192 360 0 1 0
200 360 0 1 0
208 360 0 1 0
216 360 0 1 0
224 360 0 1 0
232 360 0 1 0
240 360 0 1 0
248 360 0 1 0
256 360 0 1 0
264 360 0 1 0
272 360 0 1 0
280 360 0 1 0
288 360 0 1 0
296 360 0 1 0
304 360 0 1 0
312 360 0 1 0
320 360 0 1 0
328 360 0 1 0
336 360 0 0 0
344 360 0 0 0
352 360 0 0 0
360 360 0 0 0
368 360 0 0 0
376 360 0 0 0
384 360 0 0 0
392 360 0 0 0
400 360 0 0 0
408 360 0 0 0
416 360 0 0 0
424 360 0 0 0
432 360 0 0 0
440 360 0 0 0
448 360 0 0 0
456 360 0 0 0
464 360 0 0 0
472 360 0 0 0
480 360 0 0 0
488 360 0 0 0
496 360 0 0 0
504 360 0 0 0
0 368 0 0 0
8 368 0 0 0
16 368 0 0 0
24 368 0 0 0
32 368 0 0 0
40 368 0 0 0
48 368 0 0 0
56 368 0 0 0
64 368 0 0 0
72 368 0 0 0
80 368 0 0 0
88 368 0 0 0
96 368 0 0 0
104 368 0 0 0
112 368 0 0 0
120 368 0 0 0
128 368 0 0 0
136 368 0 0 0
144 368 0 0 0
152 368 0 0 0
160 368 0 0 0
168 368 0 0 0
176 368 0 0 0
184 368 0 0 0
192 368 0 1 0
200 368 0 1 0
208 368 0 1 0
216 368 0 1 0
224 368 0 1 0
232 368 0 1 0
240 368 0 1 0
248 368 0 1 0
256 368 0 1 0
264 368 0 1 0
272 368 0 1 0
280 368 0 1 0
288 368 0 1 0
296 368 0 1 0
304 368 0 1 0
312 368 0 1 0
320 368 0 0 0
328 368 0 0 0
336 368 0 0 0
344 368 0 0 0
352 368 0 0 0
360 368 0 0 0
368 368 0 0 0
376 368 0 0 0
384 368 0 0 0
392 368 0 0 0
400 368 0 0 0
408 368 0 0 0
416 368 0 0 0
424 368 0 0 0
432 368 0 0 0
440 368 0 0 0
448 368 0 0 0
456 368 0 0 0
464 368 0 0 0
472 368 0 0 0
480 368 0 0 0
488 368 0 0 0
496 368 0 0 0
504 368 0 0 0
0 376 0 0 0
8 376 0 0 0
16 376 0 0 0
24 376 0 0 0
32 376 0 0 0
40 376 0 0 0
48 376 0 0 0
56 376 0 0 0
64 376 0 0 0
72 376 0 0 0
80 376 0 0 0
88 376 0 0 0
96 376 0 0 0
104 376 0 0 0
112 376 0 0 0
120 376 0 0 0
128 376 0 0 0
136 376 0 0 0
144 376 0 0 0
152 376 0 0 0
160 376 0 0 0
168 376 0 0 0
176 376 0 0 0
184 376 0 0 0
192 376 0 0 0
200 376 0 0 0
208 376 0 1 0
216 376 0 1 0
224 376 0 1 0
232 376 0 1 0
240 376 0 1 0
248 376 0 1 0
256 376 0 1 0
264 376 0 1 0
272 376 0 1 0
280 376 0 1 0
288 376 0 1 0
296 376 0 1 0
304 376 0 0 0
312 376 0 0 0
320 376 0 0 0
328 376 0 0 0
336 376 0 0 0
344 376 0 0 0
352 376 0 0 0
360 376 0 0 0
368 376 0 0 0
376 376 0 0 0
384 376 0 0 0
392 376 0 0 0
400 376 0 0 0
408 376 0 0 0
416 376 0 0 0
424 376 0 0 0
432 376 0 0 0
440 376 0 0 0
448 376 0 0 0
456 376 0 0 0
464 376 0 0 0
472 376 0 0 0
480 376 0 0 0
488 376 0 0 0
496 376 0 0 0
504 376 0 0 0
0 384 0 0 0
8 384 0 0 0
16 384 0 0 0
24 384 0 0 0
32 384 0 0 0
40 384 0 0 0
48 384 0 0 0
56 384 0 0 0
64 384 0 0 0
72 384 0 0 0
80 384 0 0 0
88 384 0 0 0
96 384 0 0 0
104 384 0 0 0
112 384 0 0 0
120 384 0 0 0
128 384 0 0 0
136 384 0 0 0
144 384 0 0 0
152 384 0 0 0
160 384 0 0 0
168 384 0 0 0
176 384 0 0 0
184 384 0 0 0
192 384 0 0 0
200 384 0 0 0
208 384 0 0 0
216 384 0 0 0
224 384 0 0 0
232 384 0 0 0
240 384 0 0 0
248 384 0 1 0
256 384 0 1 0
264 384 0 0 0
272 384 0 0 0
280 384 0 0 0
288 384 0 0 0
296 384 0 0 0
304 384 0 0 0
312 384 0 0 0
320 384 0 0 0
328 384 0 0 0
336 384 0 0 0
344 384 0 0 0
352 384 0 0 0
360 384 0 0 0
368 384 0 0 0
376 384 0 0 0
384 384 0 0 0
392 384 0 0 0
400 384 0 0 0
408 384 0 0 0
416 384 0 0 0
424 384 0 0 0
432 384 0 0 0
440 384 0 0 0
448 384 0 0 0
456 384 0 0 0
464 384 0 0 0
472 384 0 0 0
480 384 0 0 0
488 384 0 0 0
496 384 0 0 0
504 384 0 0 0
0 392 0 0 0
8 392 0 0 0
16 392 0 0 0
24 392 0 0 0
32 392 0 0 0
40 392 0 0 0
48 392 0 0 0
56 392 0 0 0
64 392 0 0 0
72 392 0 0 0
80 392 0 0 0
88 392 0 0 0
96 392 0 0 0
104 392 0 0 0
112 392 0 0 0
120 392 0 0 0
128 392 0 0 0
136 392 0 0 0
144 392 0 0 0
152 392 0 0 0
160 392 0 0 0
168 392 0 0 0
176 392 0 0 0
184 392 0 0 0
192 392 0 0 0
200 392 0 0 0
208 392 0 0 0
216 392 0 0 0
224 392 0 0 0
232 392 0 0 0
240 392 0 0 0
248 392 0 0 0
256 392 0 0 0
264 392 0 0 0
272 392 0 0 0
280 392 0 0 0
288 392 0 0 0
296 392 0 0 0
304 392 0 0 0
312 392 0 0 0
320 392 0 0 0
328 392 0 0 0
336 392 0 0 0
344 392 0 0 0
352 392 0 0 0
360 392 0 0 0
368 392 0 0 0
376 392 0 0 0
384 392 0 0 0
392 392 0 0 0
400 392 0 0 0
408 392 0 0 0
416 392 0 0 0
424 392 0 0 0
432 392 0 0 0
440 392 0 0 0
448 392 0 0 0
456 392 0 0 0
464 392 0 0 0
472 392 0 0 0
480 392 0 0 0
488 392 0 0 0
496 392 0 0 0
504 392 0 0 0
0 400 0 0 0
8 400 0 0 0
16 400 0 0 0
24 400 0 0 0
32 400 0 0 0
40 400 0 0 0
48 400 0 0 0
56 400 0 0 0
64 400 0 0 0
72 400 0 0 0
80 400 0 0 0
88 400 0 0 0
96 400 0 0 0
104 400 0 0 0
112 400 0 0 0
120 400 0 0 0
128 400 0 0 0
136 400 0 0 0
144 400 0 0 0
152 400 0 0 0
160 400 0 0 0
168 400 0 0 0
176 400 0 0 0
184 400 0 0 0
192 400 0 0 0
200 400 0 0 0
208 400 0 0 0
216 400 0 0 0
224 400 0 0 0
232 400 0 0 0
240 400 0 0 0
248 400 0 0 0
256 400 0 0 0
264 400 0 0 0
272 400 0 0 0
280 400 0 0 0
288 400 0 0 0
296 400 0 0 0
304 400 0 0 0
312 400 0 0 0
320 400 0 0 0
328 400 0 0 0
336 400 0 0 0
344 400 0 0 0
352 400 0 0 0
360 400 0 0 0
368 400 0 0 0
376 400 0 0 0
384 400 0 0 0
392 400 0 0 0
400 400 0 0 0
408 400 0 0 0
416 400 0 0 0
424 400 0 0 0
432 400 0 0 0
440 400 0 0 0
448 400 0 0 0
456 400 0 0 0
464 400 0 0 0
472 400 0 0 0
480 400 0 0 0
488 400 0 0 0
496 400 0 0 0
504 400 0 0 0
0 408 0 0 0
8 408 0 0 0
16 408 0 0 0
24 408 0 0 0
32 408 0 0 0
40 408 0 0 0
48 408 0 0 0
56 408 0 0 0
64 408 0 0 0
72 408 0 0 0
80 408 0 0 0
88 408 0 0 0
96 408 0 0 0
104 408 0 0 0
112 408 0 0 0
120 408 0 0 0
128 408 0 0 0
136 408 0 0 0
144 408 0 0 0
152 408 0 0 0
160 408 0 0 0
168 408 0 0 0
176 408 0 0 0
184 408 0 0 0
192 408 0 0 0
200 408 0 0 0
208 408 0 0 0
216 408 0 0 0
224 408 0 0 0
232 408 0 0 0
240 408 0 0 0
248 408 0 0 0
256 408 0 0 0
264 408 0 0 0
272 408 0 0 0
280 408 0 0 0
288 408 0 0 0
296 408 0 0 0
304 408 0 0 0
312 408 0 0 0
320 408 0 0 0
328 408 0 0 0
336 408 0 0 0
344 408 0 0 0
352 408 0 0 0
360 408 0 0 0
368 408 0 0 0
376 408 0 0 0
384 408 0 0 0
392 408 0 0 0
400 408 0 0 0
408 408 0 0 0
416 408 0 0 0
424 408 0 0 0
432 408 0 0 0
440 408 0 0 0
448 408 0 0 0
456 408 0 0 0
464 408 0 0 0
472 408 0 0 0
480 408 0 0 0
488 408 0 0 0
496 408 0 0 0
504 408 0 0 0
0 416 0 0 0
8 416 0 0 0
16 416 0 0 0
24 416 0 0 0
32 416 0 0 0
40 416 0 0 0
48 416 0 0 0
56 416 0 0 0
64 416 0 0 0
72 416 0 0 0
80 416 0 0 0
88 416 0 0 0
96 416 0 0 0
104 416 0 0 0
112 416 0 0 0
120 416 0 0 0
128 416 0 0 0
136 416 0 0 0
144 416 0 0 0
152 416 0 0 0
160 416 0 0 0
168 416 0 0 0
176 416 0 0 0
184 416 0 0 0
192 416 0 0 0
200 416 0 0 0
208 416 0 0 0
216 416 0 0 0
224 416 0 0 0
232 416 0 0 0
240 416 0 0 0
248 416 0 0 0
256 416 0 0 0
264 416 0 0 0
272 416 0 0 0
280 416 0 0 0
288 416 0 0 0
296 416 0 0 0
304 416 0 0 0
312 416 0 0 0
320 416 0 0 0
328 416 0 0 0
336 416 0 0 0
344 416 0 0 0
352 416 0 0 0
360 416 0 0 0
368 416 0 0 0
376 416 0 0 0
384 416 0 0 0
392 416 0 0 0
400 416 0 0 0
408 416 0 0 0
416 416 0 0 0
424 416 0 0 0
432 416 0 0 0
440 416 0 0 0
448 416 0 0 0
456 416 0 0 0
464 416 0 0 0
472 416 0 0 0
480 416 0 0 0
488 416 0 0 0
496 416 0 0 0
504 416 0 0 0
0 424 0 0 0
8 424 0 0 0
16 424 0 0 0
24 424 0 0 0
32 424 0 0 0
40 424 0 0 0
48 424 0 0 0
56 424 0 0 0
64 424 0 0 0
72 424 0 0 0
80 424 0 0 0
88 424 0 0 0
96 424 0 0 0
104 424 0 0 0
112 424 0 0 0
120 424 0 0 0
128 424 0 0 0
136 424 0 0 0
144 424 0 0 0
152 424 0 0 0
160 424 0 0 0
168 424 0 0 0
176 424 0 0 0
184 424 0 0 0
192 424 0 0 0
200 424 0 0 0
208 424 0 0 0
216 424 0 0 0
224 424 0 0 0
232 424 0 0 0
240 424 0 0 0
248 424 0 0 0
256 424 0 0 0
264 424 0 0 0
272 424 0 0 0
280 424 0 0 0
288 424 0 0 0
296 424 0 0 0
304 424 0 0 0
312 424 0 0 0
320 424 0 0 0
328 424 0 0 0
336 424 0 0 0
344 424 0 0 0
352 424 0 0 0
360 424 0 0 0
368 424 0 0 0
376 424 0 0 0
384 424 0 0 0
392 424 0 0 0
400 424 0 0 0
408 424 0 0 0
416 424 0 0 0
424 424 0 0 0
432 424 0 0 0
440 424 0 0 0
448 424 0 0 0
456 424 0 0 0
464 424 0 0 0
472 424 0 0 0
480 424 0 0 0
488 424 0 0 0
496 424 0 0 0
504 424 0 0 0
0 432 0 0 0
8 432 0 0 0
16 432 0 0 0
24 432 0 0 0
32 432 0 0 0
40 432 0 0 0
48 432 0 0 0
56 432 0 0 0
64 432 0 0 0
72 432 0 0 0
80 432 0 0 0
88 432 0 0 0
96 432 0 0 0
104 432 0 0 0
112 432 0 0 0
120 432 0 0 0
128 432 0 0 0
136 432 0 0 0
144 432 0 0 0
152 432 0 0 0
160 432 0 0 0
168 432 0 0 0
176 432 0 0 0
184 432 0 0 0
192 432 0 0 0
200 432 0 0 0
208 432 0 0 0
216 432 0 0 0
224 432 0 0 0
232 432 0 0 0
240 432 0 0 0
248 432 0 0 0
256 432 0 0 0
264 432 0 0 0
272 432 0 0 0
280 432 0 0 0
288 432 0 0 0
296 432 0 0 0
304 432 0 0 0
312 432 0 0 0
320 432 0 0 0
328 432 0 0 0
336 432 0 0 0
344 432 0 0 0
352 432 0 0 0
360 432 0 0 0
368 432 0 0 0
376 432 0 0 0
384 432 0 0 0
392 432 0 0 0
400 432 0 0 0
408 432 0 0 0
416 432 0 0 0
424 432 0 0 0
432 432 0 0 0
440 432 0 0 0
448 432 0 0 0
456 432 0 0 0
464 432 0 0 0
472 432 0 0 0
480 432 0 0 0
488 432 0 0 0
496 432 0 0 0
504 432 0 0 0
0 440 0 0 0
8 440 0 0 0
16 440 0 0 0
24 440 0 0 0
32 440 0 0 0
40 440 0 0 0
48 440 0 0 0
56 440 0 0 0
64 440 0 0 0
72 440 0 0 0
80 440 0 0 0
88 440 0 0 0
96 440 0 0 0
104 440 0 0 0
112 440 0 0 0
120 440 0 0 0
128 440 0 0 0
136 440 0 0 0
144 440 0 0 0
152 440 0 0 0
160 440 0 0 0
168 440 0 0 0
176 440 0 0 0
184 440 0 0 0
192 440 0 0 0
200 440 0 0 0
208 440 0 0 0
216 440 0 0 0
224 440 0 0 0
232 440 0 0 0
240 440 0 0 0
248 440 0 0 0
256 440 0 0 0
264 440 0 0 0
272 440 0 0 0
280 440 0 0 0
288 440 0 0 0
296 440 0 0 0
304 440 0 0 0
312 440 0 0 0
320 440 0 0 0
328 440 0 0 0
336 440 0 0 0
344 440 0 0 0
352 440 0 0 0
360 440 0 0 0
368 440 0 0 0
376 440 0 0 0
384 440 0 0 0
392 440 0 0 0
400 440 0 0 0
408 440 0 0 0
416 440 0 0 0
424 440 0 0 0
432 440 0 0 0
440 440 0 0 0
448 440 0 0 0
456 440 0 0 0
464 440 0 0 0
472 440 0 0 0
480 440 0 0 0
488 440 0 0 0
496 440 0 0 0
504 440 0 0 0
0 448 0 0 0
8 448 0 0 0
16 448 0 0 0
24 448 0 0 0
32 448 0 0 0
40 448 0 0 0
48 448 0 0 0
56 448 0 0 0
64 448 0 0 0
72 448 0 0 0
80 448 0 0 0
88 448 0 0 0
96 448 0 0 0
104 448 0 0 0
112 448 0 0 0
120 448 0 0 0
128 448 0 0 0
136 448 0 0 0
144 448 0 0 0
152 448 0 0 0
160 448 0 0 0
168 448 0 0 0
176 448 0 0 0
184 448 0 0 0
192 448 0 0 0
200 448 0 0 0
208 448 0 0 0
216 448 0 0 0
224 448 0 0 0
232 448 0 0 0
240 448 0 0 0
248 448 0 0 0
256 448 0 0 0
264 448 0 0 0
272 448 0 0 0
280 448 0 0 0
288 448 0 0 0
296 448 0 0 0
304 448 0 0 0
312 448 0 0 0
320 448 0 0 0
328 448 0 0 0
336 448 0 0 0
344 448 0 0 0
352 448 0 0 0
360 448 0 0 0
368 448 0 0 0
376 448 0 0 0
384 448 0 0 0
392 448 0 0 0
400 448 0 0 0
408 448 0 0 0
416 448 0 0 0
424 448 0 0 0
432 448 0 0 0
440 448 0 0 0
448 448 0 0 0
456 448 0 0 0
464 448 0 0 0
472 448 0 0 0
480 448 0 0 0
488 448 0 0 0
496 448 0 0 0
504 448 0 0 0
0 456 0 0 0
8 456 0 0 0
16 456 0 0 0
24 456 0 0 0
32 456 0 0 0
40 456 0 0 0
48 456 0 0 0
56 456 0 0 0
64 456 0 0 0
72 456 0 0 0
80 456 0 0 0
88 456 0 0 0
96 456 0 0 0
104 456 0 0 0
112 456 0 0 0
120 456 0 0 0
128 456 0 0 0
136 456 0 0 0
144 456 0 0 0
152 456 0 0 0
160 456 0 0 0
168 456 0 0 0
176 456 0 0 0
184 456 0 0 0
192 456 0 0 0
200 456 0 0 0
208 456 0 0 0
216 456 0 0 0
224 456 0 0 0
232 456 0 0 0
240 456 0 0 0
248 456 0 0 0
256 456 0 0 0
264 456 0 0 0
272 456 0 0 0
280 456 0 0 0
288 456 0 0 0
296 456 0 0 0
304 456 0 0 0
312 456 0 0 0
320 456 0 0 0
328 456 0 0 0
336 456 0 0 0
344 456 0 0 0
352 456 0 0 0
360 456 0 0 0
368 456 0 0 0
376 456 0 0 0
384 456 0 0 0
392 456 0 0 0
400 456 0 0 0
408 456 0 0 0
416 456 0 0 0
424 456 0 0 0
432 456 0 0 0
440 456 0 0 0
448 456 0 0 0
456 456 0 0 0
464 456 0 0 0
472 456 0 0 0
480 456 0 0 0
488 456 0 0 0
496 456 0 0 0
504 456 0 0 0
0 464 0 0 0
8 464 0 0 0
16 464 0 0 0
24 464 0 0 0
32 464 0 0 0
40 464 0 0 0
48 464 0 0 0
56 464 0 0 0
64 464 0 0 0
72 464 0 0 0
80 464 0 0 0
88 464 0 0 0
96 464 0 0 0
104 464 0 0 0
112 464 0 0 0
120 464 0 0 0
128 464 0 0 0
136 464 0 0 0
144 464 0 0 0
152 464 0 0 0
160 464 0 0 0
168 464 0 0 0
176 464 0 0 0
184 464 0 0 0
192 464 0 0 0
200 464 0 0 0
208 464 0 0 0
216 464 0 0 0
224 464 0 0 0
232 464 0 0 0
240 464 0 0 0
248 464 0 0 0
256 464 0 0 0
264 464 0 0 0
272 464 0 0 0
280 464 0 0 0
288 464 0 0 0
296 464 0 0 0
304 464 0 0 0
312 464 0 0 0
320 464 0 0 0
328 464 0 0 0
336 464 0 0 0
344 464 0 0 0
352 464 0 0 0
360 464 0 0 0
368 464 0 0 0
376 464 0 0 0
384 464 0 0 0
392 464 0 0 0
400 464 0 0 0
408 464 0 0 0
416 464 0 0 0
424 464 0 0 0
432 464 0 0 0
440 464 0 0 0
448 464 0 0 0
456 464 0 0 0
464 464 0 0 0
472 464 0 0 0
480 464 0 0 0
488 464 0 0 0
496 464 0 0 0
504 464 0 0 0
0 472 0 0 0
8 472 0 0 0
16 472 0 0 0
24 472 0 0 0
32 472 0 0 0
40 472 0 0 0
48 472 0 0 0
56 472 0 0 0
64 472 0 0 0
72 472 0 0 0
80 472 0 0 0
88 472 0 0 0
96 472 0 0 0
104 472 0 0 0
112 472 0 0 0
120 472 0 0 0
128 472 0 0 0
136 472 0 0 0
144 472 0 0 0
152 472 0 0 0
160 472 0 0 0
168 472 0 0 0
176 472 0 0 0
184 472 0 0 0
192 472 0 0 0
200 472 0 0 0
208 472 0 0 0
216 472 0 0 0
224 472 0 0 0
232 472 0 0 0
240 472 0 0 0
248 472 0 0 0
256 472 0 0 0
264 472 0 0 0
272 472 0 0 0
280 472 0 0 0
288 472 0 0 0
296 472 0 0 0
304 472 0 0 0
312 472 0 0 0
320 472 0 0 0
328 472 0 0 0
336 472 0 0 0
344 472 0 0 0
352 472 0 0 0
360 472 0 0 0
368 472 0 0 0
376 472 0 0 0
384 472 0 0 0
392 472 0 0 0
400 472 0 0 0
408 472 0 0 0
416 472 0 0 0
424 472 0 0 0
432 472 0 0 0
440 472 0 0 0
448 472 0 0 0
456 472 0 0 0
464 472 0 0 0
472 472 0 0 0
480 472 0 0 0
488 472 0 0 0
496 472 0 0 0
504 472 0 0 0
0 480 0 0 0
8 480 0 0 0
16 480 0 0 0
24 480 0 0 0
32 480 0 0 0
40 480 0 0 0
48 480 0 0 0
56 480 0 0 0
64 480 0 0 0
72 480 0 0 0
80 480 0 0 0
88 480 0 0 0
96 480 0 0 0
104 480 0 0 0
112 480 0 0 0
120 480 0 0 0
128 480 0 0 0
136 480 0 0 0
144 480 0 0 0
152 480 0 0 0
160 480 0 0 0
168 480 0 0 0
176 480 0 0 0
184 480 0 0 0
192 480 0 0 0
200 480 0 0 0
208 480 0 0 0
216 480 0 0 0
224 480 0 0 0
232 480 0 0 0
240 480 0 0 0
248 480 0 0 0
256 480 0 0 0
264 480 0 0 0
272 480 0 0 0
280 480 0 0 0
288 480 0 0 0
296 480 0 0 0
304 480 0 0 0
312 480 0 0 0
320 480 0 0 0
328 480 0 0 0
336 480 0 0 0
344 480 0 0 0
352 480 0 0 0
360 480 0 0 0
368 480 0 0 0
376 480 0 0 0
384 480 0 0 0
392 480 0 0 0
400 480 0 0 0
408 480 0 0 0
416 480 0 0 0
424 480 0 0 0
432 480 0 0 0
440 480 0 0 0
448 480 0 0 0
456 480 0 0 0
464 480 0 0 0
472 480 0 0 0
480 480 0 0 0
488 480 0 0 0
496 480 0 0 0
504 480 0 0 0
0 488 0 0 0
8 488 0 0 0
16 488 0 0 0
24 488 0 0 0
32 488 0 0 0
40 488 0 0 0
48 488 0 0 0
56 488 0 0 0
64 488 0 0 0
72 488 0 0 0
80 488 0 0 0
88 488 0 0 0
96 488 0 0 0
104 488 0 0 0
112 488 0 0 0
120 488 0 0 0
128 488 0 0 0
136 488 0 0 0
144 488 0 0 0
152 488 0 0 0
160 488 0 0 0
168 488 0 0 0
176 488 0 0 0
184 488 0 0 0
192 488 0 0 0
200 488 0 0 0
208 488 0 0 0
216 488 0 0 0
224 488 0 0 0
232 488 0 0 0
240 488 0 0 0
248 488 0 0 0
256 488 0 0 0
264 488 0 0 0
272 488 0 0 0
280 488 0 0 0
288 488 0 0 0
296 488 0 0 0
304 488 0 0 0
312 488 0 0 0
320 488 0 0 0
328 488 0 0 0
336 488 0 0 0
344 488 0 0 0
352 488 0 0 0
360 488 0 0 0
368 488 0 0 0
376 488 0 0 0
384 488 0 0 0
392 488 0 0 0
400 488 0 0 0
408 488 0 0 0
416 488 0 0 0
424 488 0 0 0
432 488 0 0 0
440 488 0 0 0
448 488 0 0 0
456 488 0 0 0
464 488 0 0 0
472 488 0 0 0
480 488 0 0 0
488 488 0 0 0
496 488 0 0 0
504 488 0 0 0
0 496 0 0 0
8 496 0 0 0
16 496 0 0 0
24 496 0 0 0
32 496 0 0 0
40 496 0 0 0
48 496 0 0 0
56 496 0 0 0
64 496 0 0 0
72 496 0 0 0
80 496 0 0 0
88 496 0 0 0
96 496 0 0 0
104 496 0 0 0
112 496 0 0 0
120 496 0 0 0
128 496 0 0 0
136 496 0 0 0
144 496 0 0 0
152 496 0 0 0
160 496 0 0 0
168 496 0 0 0
176 496 0 0 0
184 496 0 0 0
192 496 0 0 0
200 496 0 0 0
208 496 0 0 0
216 496 0 0 0
224 496 0 0 0
232 496 0 0 0
240 496 0 0 0
248 496 0 0 0
256 496 0 0 0
264 496 0 0 0
272 496 0 0 0
280 496 0 0 0
288 496 0 0 0
296 496 0 0 0
304 496 0 0 0
312 496 0 0 0
320 496 0 0 0
328 496 0 0 0
336 496 0 0 0
344 496 0 0 0
352 496 0 0 0
360 496 0 0 0
368 496 0 0 0
376 496 0 0 0
384 496 0 0 0
392 496 0 0 0
400 496 0 0 0
408 496 0 0 0
416 496 0 0 0
424 496 0 0 0
432 496 0 0 0
440 496 0 0 0
448 496 0 0 0
456 496 0 0 0
464 496 0 0 0
472 496 0 0 0
480 496 0 0 0
488 496 0 0 0
496 496 0 0 0
504 496 0 0 0
0 504 0 0 0
8 504 0 0 0
16 504 0 0 0
24 504 0 0 0
32 504 0 0 0
40 504 0 0 0
48 504 0 0 0
56 504 0 0 0
64 504 0 0 0
72 504 0 0 0
80 504 0 0 0
88 504 0 0 0
96 504 0 0 0
104 504 0 0 0
112 504 0 0 0
120 504 0 0 0
128 504 0 0 0
136 504 0 0 0
144 504 0 0 0
152 504 0 0 0
160 504 0 0 0
168 504 0 0 0
176 504 0 0 0
184 504 0 0 0
192 504 0 0 0
200 504 0 0 0
208 504 0 0 0
216 504 0 0 0
224 504 0 0 0
232 504 0 0 0
240 504 0 0 0
248 504 0 0 0
256 504 0 0 0
264 504 0 0 0
272 504 0 0 0
280 504 0 0 0
288 504 0 0 0
296 504 0 0 0
304 504 0 0 0
312 504 0 0 0
320 504 0 0 0
328 504 0 0 0
336 504 0 0 0
344 504 0 0 0
352 504 0 0 0
360 504 0 0 0
368 504 0 0 0
376 504 0 0 0
384 504 0 0 0
392 504 0 0 0
400 504 0 0 0
408 504 0 0 0
416 504 0 0 0
424 504 0 0 0
432 504 0 0 0
440 504 0 0 0
448 504 0 0 0
456 504 0 0 0
464 504 0 0 0
472 504 0 0 0
480 504 0 0 0
488 504 0 0 0
496 504 0 0 0
504 504 0 0 0
