# amr_dense_snapshot_v1
# step 0
# time 0
# coarse_n 80
# parts 4
# max_level 3
# fine_n 640
# initial_pattern checker
# initial_scale 0.25
# leaves 6400
# columns i j level value importance
0 0 0 1 0
8 0 0 1 0
16 0 0 1 0
24 0 0 1 0
32 0 0 1 0
40 0 0 1 0
48 0 0 1 0
56 0 0 1 0
64 0 0 1 0
72 0 0 1 0
80 0 0 1 0
88 0 0 1 0
96 0 0 1 0
104 0 0 1 0
112 0 0 1 0
120 0 0 1 0
128 0 0 1 0
136 0 0 1 0
144 0 0 1 0
152 0 0 1 0
160 0 0 0 0
168 0 0 0 0
176 0 0 0 0
184 0 0 0 0
192 0 0 0 0
200 0 0 0 0
208 0 0 0 0
216 0 0 0 0
224 0 0 0 0
232 0 0 0 0
240 0 0 0 0
248 0 0 0 0
256 0 0 0 0
264 0 0 0 0
272 0 0 0 0
280 0 0 0 0
288 0 0 0 0
296 0 0 0 0
304 0 0 0 0
312 0 0 0 0
320 0 0 1 0
328 0 0 1 0
336 0 0 1 0
344 0 0 1 0
352 0 0 1 0
360 0 0 1 0
368 0 0 1 0
376 0 0 1 0
384 0 0 1 0
392 0 0 1 0
400 0 0 1 0
408 0 0 1 0
416 0 0 1 0
424 0 0 1 0
432 0 0 1 0
440 0 0 1 0
448 0 0 1 0
456 0 0 1 0
464 0 0 1 0
472 0 0 1 0
480 0 0 0 0
488 0 0 0 0
496 0 0 0 0
504 0 0 0 0
512 0 0 0 0
520 0 0 0 0
528 0 0 0 0
536 0 0 0 0
544 0 0 0 0
552 0 0 0 0
560 0 0 0 0
568 0 0 0 0
576 0 0 0 0
584 0 0 0 0
592 0 0 0 0
600 0 0 0 0
608 0 0 0 0
616 0 0 0 0
624 0 0 0 0
632 0 0 0 0
0 8 0 1 0
8 8 0 1 0
16 8 0 1 0
24 8 0 1 0
32 8 0 1 0
40 8 0 1 0
48 8 0 1 0
56 8 0 1 0
64 8 0 1 0
72 8 0 1 0
80 8 0 1 0
88 8 0 1 0
96 8 0 1 0
104 8 0 1 0
112 8 0 1 0
120 8 0 1 0
128 8 0 1 0
136 8 0 1 0
144 8 0 1 0
152 8 0 1 0
160 8 0 0 0
168 8 0 0 0
176 8 0 0 0
184 8 0 0 0
192 8 0 0 0
200 8 0 0 0
208 8 0 0 0
216 8 0 0 0
224 8 0 0 0
232 8 0 0 0
240 8 0 0 0
248 8 0 0 0
256 8 0 0 0
264 8 0 0 0
272 8 0 0 0
280 8 0 0 0
288 8 0 0 0
296 8 0 0 0
304 8 0 0 0
312 8 0 0 0
320 8 0 1 0
328 8 0 1 0
336 8 0 1 0
344 8 0 1 0
352 8 0 1 0
360 8 0 1 0
368 8 0 1 0
376 8 0 1 0
384 8 0 1 0
392 8 0 1 0
400 8 0 1 0
408 8 0 1 0
416 8 0 1 0
424 8 0 1 0
432 8 0 1 0
440 8 0 1 0
448 8 0 1 0
456 8 0 1 0
464 8 0 1 0
472 8 0 1 0
480 8 0 0 0
488 8 0 0 0
496 8 0 0 0
504 8 0 0 0
512 8 0 0 0
520 8 0 0 0
528 8 0 0 0
536 8 0 0 0
544 8 0 0 0
552 8 0 0 0
560 8 0 0 0
568 8 0 0 0
576 8 0 0 0
584 8 0 0 0
592 8 0 0 0
600 8 0 0 0
608 8 0 0 0
616 8 0 0 0
624 8 0 0 0
632 8 0 0 0
0 16 0 1 0
8 16 0 1 0
16 16 0 1 0
24 16 0 1 0
32 16 0 1 0
40 16 0 1 0
48 16 0 1 0
56 16 0 1 0
64 16 0 1 0
72 16 0 1 0
80 16 0 1 0
88 16 0 1 0
96 16 0 1 0
104 16 0 1 0
112 16 0 1 0
120 16 0 1 0
128 16 0 1 0
136 16 0 1 0
144 16 0 1 0
152 16 0 1 0
160 16 0 0 0
168 16 0 0 0
176 16 0 0 0
184 16 0 0 0
192 16 0 0 0
200 16 0 0 0
208 16 0 0 0
216 16 0 0 0
224 16 0 0 0
232 16 0 0 0
240 16 0 0 0
248 16 0 0 0
256 16 0 0 0
264 16 0 0 0
272 16 0 0 0
280 16 0 0 0
288 16 0 0 0
296 16 0 0 0
304 16 0 0 0
312 16 0 0 0
320 16 0 1 0
328 16 0 1 0
336 16 0 1 0
344 16 0 1 0
352 16 0 1 0
360 16 0 1 0
368 16 0 1 0
376 16 0 1 0
384 16 0 1 0
392 16 0 1 0
400 16 0 1 0
408 16 0 1 0
416 16 0 1 0
424 16 0 1 0
432 16 0 1 0
440 16 0 1 0
448 16 0 1 0
456 16 0 1 0
464 16 0 1 0
472 16 0 1 0
480 16 0 0 0
488 16 0 0 0
496 16 0 0 0
504 16 0 0 0
512 16 0 0 0
520 16 0 0 0
528 16 0 0 0
536 16 0 0 0
544 16 0 0 0
552 16 0 0 0
560 16 0 0 0
568 16 0 0 0
576 16 0 0 0
584 16 0 0 0
592 16 0 0 0
600 16 0 0 0
608 16 0 0 0
616 16 0 0 0
624 16 0 0 0
632 16 0 0 0
0 24 0 1 0
8 24 0 1 0
16 24 0 1 0
24 24 0 1 0
32 24 0 1 0
40 24 0 1 0
48 24 0 1 0
56 24 0 1 0
64 24 0 1 0
72 24 0 1 0
80 24 0 1 0
88 24 0 1 0
96 24 0 1 0
104 24 0 1 0
112 24 0 1 0
120 24 0 1 0
128 24 0 1 0
136 24 0 1 0
144 24 0 1 0
152 24 0 1 0
160 24 0 0 0
168 24 0 0 0
176 24 0 0 0
184 24 0 0 0
192 24 0 0 0
200 24 0 0 0
208 24 0 0 0
216 24 0 0 0
224 24 0 0 0
232 24 0 0 0
240 24 0 0 0
248 24 0 0 0
256 24 0 0 0
264 24 0 0 0
272 24 0 0 0
280 24 0 0 0
288 24 0 0 0
296 24 0 0 0
304 24 0 0 0
312 24 0 0 0
320 24 0 1 0
328 24 0 1 0
336 24 0 1 0
344 24 0 1 0
352 24 0 1 0
360 24 0 1 0
368 24 0 1 0
376 24 0 1 0
384 24 0 1 0
392 24 0 1 0
400 24 0 1 0
408 24 0 1 0
416 24 0 1 0
424 24 0 1 0
432 24 0 1 0
440 24 0 1 0
448 24 0 1 0
456 24 0 1 0
464 24 0 1 0
472 24 0 1 0
480 24 0 0 0
488 24 0 0 0
496 24 0 0 0
504 24 0 0 0
512 24 0 0 0
520 24 0 0 0
528 24 0 0 0
536 24 0 0 0
544 24 0 0 0
552 24 0 0 0
560 24 0 0 0
568 24 0 0 0
576 24 0 0 0
584 24 0 0 0
592 24 0 0 0
600 24 0 0 0
608 24 0 0 0
616 24 0 0 0
624 24 0 0 0
632 24 0 0 0
0 32 0 1 0
8 32 0 1 0
16 32 0 1 0
24 32 0 1 0
32 32 0 1 0
40 32 0 1 0
48 32 0 1 0
56 32 0 1 0
64 32 0 1 0
72 32 0 1 0
80 32 0 1 0
88 32 0 1 0
96 32 0 1 0
104 32 0 1 0
112 32 0 1 0
120 32 0 1 0
128 32 0 1 0
136 32 0 1 0
144 32 0 1 0
152 32 0 1 0
160 32 0 0 0
168 32 0 0 0
176 32 0 0 0
184 32 0 0 0
192 32 0 0 0
200 32 0 0 0
208 32 0 0 0
216 32 0 0 0
224 32 0 0 0
232 32 0 0 0
240 32 0 0 0
248 32 0 0 0
256 32 0 0 0
264 32 0 0 0
272 32 0 0 0
280 32 0 0 0
288 32 0 0 0
296 32 0 0 0
304 32 0 0 0
312 32 0 0 0
320 32 0 1 0
328 32 0 1 0
336 32 0 1 0
344 32 0 1 0
352 32 0 1 0
360 32 0 1 0
368 32 0 1 0
376 32 0 1 0
384 32 0 1 0
392 32 0 1 0
400 32 0 1 0
408 32 0 1 0
416 32 0 1 0
424 32 0 1 0
432 32 0 1 0
440 32 0 1 0
448 32 0 1 0
456 32 0 1 0
464 32 0 1 0
472 32 0 1 0
480 32 0 0 0
488 32 0 0 0
496 32 0 0 0
504 32 0 0 0
512 32 0 0 0
520 32 0 0 0
528 32 0 0 0
536 32 0 0 0
544 32 0 0 0
552 32 0 0 0
560 32 0 0 0
568 32 0 0 0
576 32 0 0 0
584 32 0 0 0
592 32 0 0 0
600 32 0 0 0
608 32 0 0 0
616 32 0 0 0
624 32 0 0 0
632 32 0 0 0
0 40 0 1 0
8 40 0 1 0
16 40 0 1 0
24 40 0 1 0
32 40 0 1 0
40 40 0 1 0
48 40 0 1 0
56 40 0 1 0
64 40 0 1 0
72 40 0 1 0
80 40 0 1 0
88 40 0 1 0
96 40 0 1 0
104 40 0 1 0
112 40 0 1 0
120 40 0 1 0
128 40 0 1 0
136 40 0 1 0
144 40 0 1 0
152 40 0 1 0
160 40 0 0 0
168 40 0 0 0
176 40 0 0 0
184 40 0 0 0
192 40 0 0 0
200 40 0 0 0
208 40 0 0 0
216 40 0 0 0
224 40 0 0 0
232 40 0 0 0
240 40 0 0 0
248 40 0 0 0
256 40 0 0 0
264 40 0 0 0
272 40 0 0 0
280 40 0 0 0
288 40 0 0 0
296 40 0 0 0
304 40 0 0 0
312 40 0 0 0
320 40 0 1 0
328 40 0 1 0
336 40 0 1 0
344 40 0 1 0
352 40 0 1 0
360 40 0 1 0
368 40 0 1 0
376 40 0 1 0
384 40 0 1 0
392 40 0 1 0
400 40 0 1 0
408 40 0 1 0
416 40 0 1 0
424 40 0 1 0
432 40 0 1 0
440 40 0 1 0
448 40 0 1 0
456 40 0 1 0
464 40 0 1 0
472 40 0 1 0
480 40 0 0 0
488 40 0 0 0
496 40 0 0 0
504 40 0 0 0
512 40 0 0 0
520 40 0 0 0
528 40 0 0 0
536 40 0 0 0
544 40 0 0 0
552 40 0 0 0
560 40 0 0 0
568 40 0 0 0
576 40 0 0 0
584 40 0 0 0
592 40 0 0 0
600 40 0 0 0
608 40 0 0 0
616 40 0 0 0
624 40 0 0 0
632 40 0 0 0
0 48 0 1 0
8 48 0 1 0
16 48 0 1 0
24 48 0 1 0
32 48 0 1 0
40 48 0 1 0
48 48 0 1 0
56 48 0 1 0
64 48 0 1 0
72 48 0 1 0
80 48 0 1 0
88 48 0 1 0
96 48 0 1 0
104 48 0 1 0
112 48 0 1 0
120 48 0 1 0
128 48 0 1 0
136 48 0 1 0
144 48 0 1 0
152 48 0 1 0
160 48 0 0 0
168 48 0 0 0
176 48 0 0 0
184 48 0 0 0
192 48 0 0 0
200 48 0 0 0
208 48 0 0 0
216 48 0 0 0
224 48 0 0 0
232 48 0 0 0
240 48 0 0 0
248 48 0 0 0
256 48 0 0 0
264 48 0 0 0
272 48 0 0 0
280 48 0 0 0
288 48 0 0 0
296 48 0 0 0
304 48 0 0 0
312 48 0 0 0
320 48 0 1 0
328 48 0 1 0
336 48 0 1 0
344 48 0 1 0
352 48 0 1 0
360 48 0 1 0
368 48 0 1 0
376 48 0 1 0
384 48 0 1 0
392 48 0 1 0
400 48 0 1 0
408 48 0 1 0
416 48 0 1 0
424 48 0 1 0
432 48 0 1 0
440 48 0 1 0
448 48 0 1 0
456 48 0 1 0
464 48 0 1 0
472 48 0 1 0
480 48 0 0 0
488 48 0 0 0
496 48 0 0 0
504 48 0 0 0
512 48 0 0 0
520 48 0 0 0
528 48 0 0 0
536 48 0 0 0
544 48 0 0 0
552 48 0 0 0
560 48 0 0 0
568 48 0 0 0
576 48 0 0 0
584 48 0 0 0
592 48 0 0 0
600 48 0 0 0
608 48 0 0 0
616 48 0 0 0
624 48 0 0 0
632 48 0 0 0
0 56 0 1 0
8 56 0 1 0
16 56 0 1 0
24 56 0 1 0
32 56 0 1 0
40 56 0 1 0
48 56 0 1 0
56 56 0 1 0
64 56 0 1 0
72 56 0 1 0
80 56 0 1 0
88 56 0 1 0
96 56 0 1 0
104 56 0 1 0
112 56 0 1 0
120 56 0 1 0
128 56 0 1 0
136 56 0 1 0
144 56 0 1 0
152 56 0 1 0
160 56 0 0 0
168 56 0 0 0
176 56 0 0 0
184 56 0 0 0
192 56 0 0 0
200 56 0 0 0
208 56 0 0 0
216 56 0 0 0
224 56 0 0 0
232 56 0 0 0
240 56 0 0 0
248 56 0 0 0
256 56 0 0 0
264 56 0 0 0
272 56 0 0 0
280 56 0 0 0
288 56 0 0 0
296 56 0 0 0
304 56 0 0 0
312 56 0 0 0
320 56 0 1 0
328 56 0 1 0
336 56 0 1 0
344 56 0 1 0
352 56 0 1 0
360 56 0 1 0
368 56 0 1 0
376 56 0 1 0
384 56 0 1 0
392 56 0 1 0
400 56 0 1 0
408 56 0 1 0
416 56 0 1 0
424 56 0 1 0
432 56 0 1 0
440 56 0 1 0
448 56 0 1 0
456 56 0 1 0
464 56 0 1 0
472 56 0 1 0
480 56 0 0 0
488 56 0 0 0
496 56 0 0 0
504 56 0 0 0
512 56 0 0 0
520 56 0 0 0
528 56 0 0 0
536 56 0 0 0
544 56 0 0 0
552 56 0 0 0
560 56 0 0 0
568 56 0 0 0
576 56 0 0 0
584 56 0 0 0
592 56 0 0 0
600 56 0 0 0
608 56 0 0 0
616 56 0 0 0
624 56 0 0 0
632 56 0 0 0
0 64 0 1 0
8 64 0 1 0
16 64 0 1 0
24 64 0 1 0
32 64 0 1 0
40 64 0 1 0
48 64 0 1 0
56 64 0 1 0
64 64 0 1 0
72 64 0 1 0
80 64 0 1 0
88 64 0 1 0
96 64 0 1 0
104 64 0 1 0
112 64 0 1 0
120 64 0 1 0
128 64 0 1 0
136 64 0 1 0
144 64 0 1 0
152 64 0 1 0
160 64 0 0 0
168 64 0 0 0
176 64 0 0 0
184 64 0 0 0
192 64 0 0 0
200 64 0 0 0
208 64 0 0 0
216 64 0 0 0
224 64 0 0 0
232 64 0 0 0
240 64 0 0 0
248 64 0 0 0
256 64 0 0 0
264 64 0 0 0
272 64 0 0 0
280 64 0 0 0
288 64 0 0 0
296 64 0 0 0
304 64 0 0 0
312 64 0 0 0
320 64 0 1 0
328 64 0 1 0
336 64 0 1 0
344 64 0 1 0
352 64 0 1 0
360 64 0 1 0
368 64 0 1 0
376 64 0 1 0
384 64 0 1 0
392 64 0 1 0
400 64 0 1 0
408 64 0 1 0
416 64 0 1 0
424 64 0 1 0
432 64 0 1 0
440 64 0 1 0
448 64 0 1 0
456 64 0 1 0
464 64 0 1 0
472 64 0 1 0
480 64 0 0 0
488 64 0 0 0
496 64 0 0 0
504 64 0 0 0
512 64 0 0 0
520 64 0 0 0
528 64 0 0 0
536 64 0 0 0
544 64 0 0 0
552 64 0 0 0
560 64 0 0 0
568 64 0 0 0
576 64 0 0 0
584 64 0 0 0
592 64 0 0 0
600 64 0 0 0
608 64 0 0 0
616 64 0 0 0
624 64 0 0 0
632 64 0 0 0
0 72 0 1 0
8 72 0 1 0
16 72 0 1 0
24 72 0 1 0
32 72 0 1 0
40 72 0 1 0
48 72 0 1 0
56 72 0 1 0
64 72 0 1 0
72 72 0 1 0
80 72 0 1 0
88 72 0 1 0
96 72 0 1 0
104 72 0 1 0
112 72 0 1 0
120 72 0 1 0
128 72 0 1 0
136 72 0 1 0
144 72 0 1 0
152 72 0 1 0
160 72 0 0 0
168 72 0 0 0
176 72 0 0 0
184 72 0 0 0
192 72 0 0 0
200 72 0 0 0
208 72 0 0 0
216 72 0 0 0
224 72 0 0 0
232 72 0 0 0
240 72 0 0 0
248 72 0 0 0
256 72 0 0 0
264 72 0 0 0
272 72 0 0 0
280 72 0 0 0
288 72 0 0 0
296 72 0 0 0
304 72 0 0 0
312 72 0 0 0
320 72 0 1 0
328 72 0 1 0
336 72 0 1 0
344 72 0 1 0
352 72 0 1 0
360 72 0 1 0
368 72 0 1 0
376 72 0 1 0
384 72 0 1 0
392 72 0 1 0
400 72 0 1 0
408 72 0 1 0
416 72 0 1 0
424 72 0 1 0
432 72 0 1 0
440 72 0 1 0
448 72 0 1 0
456 72 0 1 0
464 72 0 1 0
472 72 0 1 0
480 72 0 0 0
488 72 0 0 0
496 72 0 0 0
504 72 0 0 0
512 72 0 0 0
520 72 0 0 0
528 72 0 0 0
536 72 0 0 0
544 72 0 0 0
552 72 0 0 0
560 72 0 0 0
568 72 0 0 0
576 72 0 0 0
584 72 0 0 0
592 72 0 0 0
600 72 0 0 0
608 72 0 0 0
616 72 0 0 0
624 72 0 0 0
632 72 0 0 0
0 80 0 1 0
8 80 0 1 0
16 80 0 1 0
24 80 0 1 0
32 80 0 1 0
40 80 0 1 0
48 80 0 1 0
56 80 0 1 0
64 80 0 1 0
72 80 0 1 0
80 80 0 1 0
88 80 0 1 0
96 80 0 1 0
104 80 0 1 0
112 80 0 1 0
120 80 0 1 0
128 80 0 1 0
136 80 0 1 0
144 80 0 1 0
152 80 0 1 0
160 80 0 0 0
168 80 0 0 0
176 80 0 0 0
184 80 0 0 0
192 80 0 0 0
200 80 0 0 0
208 80 0 0 0
216 80 0 0 0
224 80 0 0 0
232 80 0 0 0
240 80 0 0 0
248 80 0 0 0
256 80 0 0 0
264 80 0 0 0
272 80 0 0 0
280 80 0 0 0
288 80 0 0 0
296 80 0 0 0
304 80 0 0 0
312 80 0 0 0
320 80 0 1 0
328 80 0 1 0
336 80 0 1 0
344 80 0 1 0
352 80 0 1 0
360 80 0 1 0
368 80 0 1 0
376 80 0 1 0
384 80 0 1 0
392 80 0 1 0
400 80 0 1 0
408 80 0 1 0
416 80 0 1 0
424 80 0 1 0
432 80 0 1 0
440 80 0 1 0
448 80 0 1 0
456 80 0 1 0
464 80 0 1 0
472 80 0 1 0
480 80 0 0 0
488 80 0 0 0
496 80 0 0 0
504 80 0 0 0
512 80 0 0 0
520 80 0 0 0
528 80 0 0 0
536 80 0 0 0
544 80 0 0 0
552 80 0 0 0
560 80 0 0 0
568 80 0 0 0
576 80 0 0 0
584 80 0 0 0
592 80 0 0 0
600 80 0 0 0
608 80 0 0 0
616 80 0 0 0
624 80 0 0 0
632 80 0 0 0
0 88 0 1 0
8 88 0 1 0
16 88 0 1 0
24 88 0 1 0
32 88 0 1 0
40 88 0 1 0
48 88 0 1 0
56 88 0 1 0
64 88 0 1 0
72 88 0 1 0
80 88 0 1 0
88 88 0 1 0
96 88 0 1 0
104 88 0 1 0
112 88 0 1 0
120 88 0 1 0
128 88 0 1 0
136 88 0 1 0
144 88 0 1 0
152 88 0 1 0
160 88 0 0 0
168 88 0 0 0
176 88 0 0 0
184 88 0 0 0
192 88 0 0 0
200 88 0 0 0
208 88 0 0 0
216 88 0 0 0
224 88 0 0 0
232 88 0 0 0
240 88 0 0 0
248 88 0 0 0
256 88 0 0 0
264 88 0 0 0
272 88 0 0 0
280 88 0 0 0
288 88 0 0 0
296 88 0 0 0
304 88 0 0 0
312 88 0 0 0
320 88 0 1 0
328 88 0 1 0
336 88 0 1 0
344 88 0 1 0
352 88 0 1 0
360 88 0 1 0
368 88 0 1 0
376 88 0 1 0
384 88 0 1 0
392 88 0 1 0
400 88 0 1 0
408 88 0 1 0
416 88 0 1 0
424 88 0 1 0
432 88 0 1 0
440 88 0 1 0
448 88 0 1 0
456 88 0 1 0
464 88 0 1 0
472 88 0 1 0
480 88 0 0 0
488 88 0 0 0
496 88 0 0 0
504 88 0 0 0
512 88 0 0 0
520 88 0 0 0
528 88 0 0 0
536 88 0 0 0
544 88 0 0 0
552 88 0 0 0
560 88 0 0 0
568 88 0 0 0
576 88 0 0 0
584 88 0 0 0
592 88 0 0 0
600 88 0 0 0
608 88 0 0 0
616 88 0 0 0
624 88 0 0 0
632 88 0 0 0
0 96 0 1 0
8 96 0 1 0
16 96 0 1 0
24 96 0 1 0
32 96 0 1 0
40 96 0 1 0
48 96 0 1 0
56 96 0 1 0
64 96 0 1 0
72 96 0 1 0
80 96 0 1 0
88 96 0 1 0
96 96 0 1 0
104 96 0 1 0
112 96 0 1 0
120 96 0 1 0
128 96 0 1 0
136 96 0 1 0
144 96 0 1 0
152 96 0 1 0
160 96 0 0 0
168 96 0 0 0
176 96 0 0 0
184 96 0 0 0
192 96 0 0 0
200 96 0 0 0
208 96 0 0 0
216 96 0 0 0
224 96 0 0 0
232 96 0 0 0
240 96 0 0 0
248 96 0 0 0
256 96 0 0 0
264 96 0 0 0
272 96 0 0 0
280 96 0 0 0
288 96 0 0 0
296 96 0 0 0
304 96 0 0 0
312 96 0 0 0
320 96 0 1 0
328 96 0 1 0
336 96 0 1 0
344 96 0 1 0
352 96 0 1 0
360 96 0 1 0
368 96 0 1 0
376 96 0 1 0
384 96 0 1 0
392 96 0 1 0
400 96 0 1 0
408 96 0 1 0
416 96 0 1 0
424 96 0 1 0
432 96 0 1 0
440 96 0 1 0
448 96 0 1 0
456 96 0 1 0
464 96 0 1 0
472 96 0 1 0
480 96 0 0 0
488 96 0 0 0
496 96 0 0 0
504 96 0 0 0
512 96 0 0 0
520 96 0 0 0
528 96 0 0 0
536 96 0 0 0
544 96 0 0 0
552 96 0 0 0
560 96 0 0 0
568 96 0 0 0
576 96 0 0 0
584 96 0 0 0
592 96 0 0 0
600 96 0 0 0
608 96 0 0 0
616 96 0 0 0
624 96 0 0 0
632 96 0 0 0
0 104 0 1 0
8 104 0 1 0
16 104 0 1 0
24 104 0 1 0
32 104 0 1 0
40 104 0 1 0
48 104 0 1 0
56 104 0 1 0
64 104 0 1 0
72 104 0 1 0
80 104 0 1 0
88 104 0 1 0
96 104 0 1 0
104 104 0 1 0
112 104 0 1 0
120 104 0 1 0
128 104 0 1 0
136 104 0 1 0
144 104 0 1 0
152 104 0 1 0
160 104 0 0 0
168 104 0 0 0
176 104 0 0 0
184 104 0 0 0
192 104 0 0 0
200 104 0 0 0
208 104 0 0 0
216 104 0 0 0
224 104 0 0 0
232 104 0 0 0
240 104 0 0 0
248 104 0 0 0
256 104 0 0 0
264 104 0 0 0
272 104 0 0 0
280 104 0 0 0
288 104 0 0 0
296 104 0 0 0
304 104 0 0 0
312 104 0 0 0
320 104 0 1 0
328 104 0 1 0
336 104 0 1 0
344 104 0 1 0
352 104 0 1 0
360 104 0 1 0
368 104 0 1 0
376 104 0 1 0
384 104 0 1 0
392 104 0 1 0
400 104 0 1 0
408 104 0 1 0
416 104 0 1 0
424 104 0 1 0
432 104 0 1 0
440 104 0 1 0
448 104 0 1 0
456 104 0 1 0
464 104 0 1 0
472 104 0 1 0
480 104 0 0 0
488 104 0 0 0
496 104 0 0 0
504 104 0 0 0
512 104 0 0 0
520 104 0 0 0
528 104 0 0 0
536 104 0 0 0
544 104 0 0 0
552 104 0 0 0
560 104 0 0 0
568 104 0 0 0
576 104 0 0 0
584 104 0 0 0
592 104 0 0 0
600 104 0 0 0
608 104 0 0 0
616 104 0 0 0
624 104 0 0 0
632 104 0 0 0
0 112 0 1 0
8 112 0 1 0
16 112 0 1 0
24 112 0 1 0
32 112 0 1 0
40 112 0 1 0
48 112 0 1 0
56 112 0 1 0
64 112 0 1 0
72 112 0 1 0
80 112 0 1 0
88 112 0 1 0
96 112 0 1 0
104 112 0 1 0
112 112 0 1 0
120 112 0 1 0
128 112 0 1 0
136 112 0 1 0
144 112 0 1 0
152 112 0 1 0
160 112 0 0 0
168 112 0 0 0
176 112 0 0 0
184 112 0 0 0
192 112 0 0 0
200 112 0 0 0
208 112 0 0 0
216 112 0 0 0
224 112 0 0 0
232 112 0 0 0
240 112 0 0 0
248 112 0 0 0
256 112 0 0 0
264 112 0 0 0
272 112 0 0 0
280 112 0 0 0
288 112 0 0 0
296 112 0 0 0
304 112 0 0 0
312 112 0 0 0
320 112 0 1 0
328 112 0 1 0
336 112 0 1 0
344 112 0 1 0
352 112 0 1 0
360 112 0 1 0
368 112 0 1 0
376 112 0 1 0
384 112 0 1 0
392 112 0 1 0
400 112 0 1 0
408 112 0 1 0
416 112 0 1 0
424 112 0 1 0
432 112 0 1 0
440 112 0 1 0
448 112 0 1 0
456 112 0 1 0
464 112 0 1 0
472 112 0 1 0
480 112 0 0 0
488 112 0 0 0
496 112 0 0 0
504 112 0 0 0
512 112 0 0 0
520 112 0 0 0
528 112 0 0 0
536 112 0 0 0
544 112 0 0 0
552 112 0 0 0
560 112 0 0 0
568 112 0 0 0
576 112 0 0 0
584 112 0 0 0
592 112 0 0 0
600 112 0 0 0
608 112 0 0 0
616 112 0 0 0
624 112 0 0 0
632 112 0 0 0
0 120 0 1 0
8 120 0 1 0
16 120 0 1 0
24 120 0 1 0
32 120 0 1 0
40 120 0 1 0
48 120 0 1 0
56 120 0 1 0
64 120 0 1 0
72 120 0 1 0
80 120 0 1 0
88 120 0 1 0
96 120 0 1 0
104 120 0 1 0
112 120 0 1 0
120 120 0 1 0
128 120 0 1 0
136 120 0 1 0
144 120 0 1 0
152 120 0 1 0
160 120 0 0 0
168 120 0 0 0
176 120 0 0 0
184 120 0 0 0
192 120 0 0 0
200 120 0 0 0
208 120 0 0 0
216 120 0 0 0
224 120 0 0 0
232 120 0 0 0
240 120 0 0 0
248 120 0 0 0
256 120 0 0 0
264 120 0 0 0
272 120 0 0 0
280 120 0 0 0
288 120 0 0 0
296 120 0 0 0
304 120 0 0 0
312 120 0 0 0
320 120 0 1 0
328 120 0 1 0
336 120 0 1 0
344 120 0 1 0
352 120 0 1 0
360 120 0 1 0
368 120 0 1 0
376 120 0 1 0
384 120 0 1 0
392 120 0 1 0
400 120 0 1 0
408 120 0 1 0
416 120 0 1 0
424 120 0 1 0
432 120 0 1 0
440 120 0 1 0
448 120 0 1 0
456 120 0 1 0
464 120 0 1 0
472 120 0 1 0
480 120 0 0 0
488 120 0 0 0
496 120 0 0 0
504 120 0 0 0
512 120 0 0 0
520 120 0 0 0
528 120 0 0 0
536 120 0 0 0
544 120 0 0 0
552 120 0 0 0
560 120 0 0 0
568 120 0 0 0
576 120 0 0 0
584 120 0 0 0
592 120 0 0 0
600 120 0 0 0
608 120 0 0 0
616 120 0 0 0
624 120 0 0 0
632 120 0 0 0
0 128 0 1 0
8 128 0 1 0
16 128 0 1 0
24 128 0 1 0
32 128 0 1 0
40 128 0 1 0
48 128 0 1 0
56 128 0 1 0
64 128 0 1 0
72 128 0 1 0
80 128 0 1 0
88 128 0 1 0
96 128 0 1 0
104 128 0 1 0
112 128 0 1 0
120 128 0 1 0
128 128 0 1 0
136 128 0 1 0
144 128 0 1 0
152 128 0 1 0
160 128 0 0 0
168 128 0 0 0
176 128 0 0 0
184 128 0 0 0
192 128 0 0 0
200 128 0 0 0
208 128 0 0 0
216 128 0 0 0
224 128 0 0 0
232 128 0 0 0
240 128 0 0 0
248 128 0 0 0
256 128 0 0 0
264 128 0 0 0
272 128 0 0 0
280 128 0 0 0
288 128 0 0 0
296 128 0 0 0
304 128 0 0 0
312 128 0 0 0
320 128 0 1 0
328 128 0 1 0
336 128 0 1 0
344 128 0 1 0
352 128 0 1 0
360 128 0 1 0
368 128 0 1 0
376 128 0 1 0
384 128 0 1 0
392 128 0 1 0
400 128 0 1 0
408 128 0 1 0
416 128 0 1 0
424 128 0 1 0
432 128 0 1 0
440 128 0 1 0
448 128 0 1 0
456 128 0 1 0
464 128 0 1 0
472 128 0 1 0
480 128 0 0 0
488 128 0 0 0
496 128 0 0 0
504 128 0 0 0
512 128 0 0 0
520 128 0 0 0
528 128 0 0 0
536 128 0 0 0
544 128 0 0 0
552 128 0 0 0
560 128 0 0 0
568 128 0 0 0
576 128 0 0 0
584 128 0 0 0
592 128 0 0 0
600 128 0 0 0
608 128 0 0 0
616 128 0 0 0
624 128 0 0 0
632 128 0 0 0
0 136 0 1 0
8 136 0 1 0
16 136 0 1 0
24 136 0 1 0
32 136 0 1 0
40 136 0 1 0
48 136 0 1 0
56 136 0 1 0
64 136 0 1 0
72 136 0 1 0
80 136 0 1 0
88 136 0 1 0
96 136 0 1 0
104 136 0 1 0
112 136 0 1 0
120 136 0 1 0
128 136 0 1 0
136 136 0 1 0
144 136 0 1 0
152 136 0 1 0
160 136 0 0 0
168 136 0 0 0
176 136 0 0 0
184 136 0 0 0
192 136 0 0 0
200 136 0 0 0
208 136 0 0 0
216 136 0 0 0
224 136 0 0 0
232 136 0 0 0
240 136 0 0 0
248 136 0 0 0
256 136 0 0 0
264 136 0 0 0
272 136 0 0 0
280 136 0 0 0
288 136 0 0 0
296 136 0 0 0
304 136 0 0 0
312 136 0 0 0
320 136 0 1 0
328 136 0 1 0
336 136 0 1 0
344 136 0 1 0
352 136 0 1 0
360 136 0 1 0
368 136 0 1 0
376 136 0 1 0
384 136 0 1 0
392 136 0 1 0
400 136 0 1 0
408 136 0 1 0
416 136 0 1 0
424 136 0 1 0
432 136 0 1 0
440 136 0 1 0
448 136 0 1 0
456 136 0 1 0
464 136 0 1 0
472 136 0 1 0
480 136 0 0 0
488 136 0 0 0
496 136 0 0 0
504 136 0 0 0
512 136 0 0 0
520 136 0 0 0
528 136 0 0 0
536 136 0 0 0
544 136 0 0 0
552 136 0 0 0
560 136 0 0 0
568 136 0 0 0
576 136 0 0 0
584 136 0 0 0
592 136 0 0 0
600 136 0 0 0
608 136 0 0 0
616 136 0 0 0
624 136 0 0 0
632 136 0 0 0
0 144 0 1 0
8 144 0 1 0
16 144 0 1 0
24 144 0 1 0
32 144 0 1 0
40 144 0 1 0
48 144 0 1 0
56 144 0 1 0
64 144 0 1 0
72 144 0 1 0
80 144 0 1 0
88 144 0 1 0
96 144 0 1 0
104 144 0 1 0
112 144 0 1 0
120 144 0 1 0
128 144 0 1 0
136 144 0 1 0
144 144 0 1 0
152 144 0 1 0
160 144 0 0 0
168 144 0 0 0
176 144 0 0 0
184 144 0 0 0
192 144 0 0 0
200 144 0 0 0
208 144 0 0 0
216 144 0 0 0
224 144 0 0 0
232 144 0 0 0
240 144 0 0 0
248 144 0 0 0
256 144 0 0 0
264 144 0 0 0
272 144 0 0 0
280 144 0 0 0
288 144 0 0 0
296 144 0 0 0
304 144 0 0 0
312 144 0 0 0
320 144 0 1 0
328 144 0 1 0
336 144 0 1 0
344 144 0 1 0
352 144 0 1 0
360 144 0 1 0
368 144 0 1 0
376 144 0 1 0
384 144 0 1 0
392 144 0 1 0
400 144 0 1 0
408 144 0 1 0
416 144 0 1 0
424 144 0 1 0
432 144 0 1 0
440 144 0 1 0
448 144 0 1 0
456 144 0 1 0
464 144 0 1 0
472 144 0 1 0
480 144 0 0 0
488 144 0 0 0
496 144 0 0 0
504 144 0 0 0
512 144 0 0 0
520 144 0 0 0
528 144 0 0 0
536 144 0 0 0
544 144 0 0 0
552 144 0 0 0
560 144 0 0 0
568 144 0 0 0
576 144 0 0 0
584 144 0 0 0
592 144 0 0 0
600 144 0 0 0
608 144 0 0 0
616 144 0 0 0
624 144 0 0 0
632 144 0 0 0
0 152 0 1 0
8 152 0 1 0
16 152 0 1 0
24 152 0 1 0
32 152 0 1 0
40 152 0 1 0
48 152 0 1 0
56 152 0 1 0
64 152 0 1 0
72 152 0 1 0
80 152 0 1 0
88 152 0 1 0
96 152 0 1 0
104 152 0 1 0
112 152 0 1 0
120 152 0 1 0
128 152 0 1 0
136 152 0 1 0
144 152 0 1 0
152 152 0 1 0
160 152 0 0 0
168 152 0 0 0
176 152 0 0 0
184 152 0 0 0
192 152 0 0 0
200 152 0 0 0
208 152 0 0 0
216 152 0 0 0
224 152 0 0 0
232 152 0 0 0
240 152 0 0 0
248 152 0 0 0
256 152 0 0 0
264 152 0 0 0
272 152 0 0 0
280 152 0 0 0
288 152 0 0 0
296 152 0 0 0
304 152 0 0 0
312 152 0 0 0
320 152 0 1 0
328 152 0 1 0
336 152 0 1 0
344 152 0 1 0
352 152 0 1 0
360 152 0 1 0
368 152 0 1 0
376 152 0 1 0
384 152 0 1 0
392 152 0 1 0
400 152 0 1 0
408 152 0 1 0
416 152 0 1 0
424 152 0 1 0
432 152 0 1 0
440 152 0 1 0
448 152 0 1 0
456 152 0 1 0
464 152 0 1 0
472 152 0 1 0
480 152 0 0 0
488 152 0 0 0
496 152 0 0 0
504 152 0 0 0
512 152 0 0 0
520 152 0 0 0
528 152 0 0 0
536 152 0 0 0
544 152 0 0 0
552 152 0 0 0
560 152 0 0 0
568 152 0 0 0
576 152 0 0 0
584 152 0 0 0
592 152 0 0 0
600 152 0 0 0
608 152 0 0 0
616 152 0 0 0
624 152 0 0 0
632 152 0 0 0
0 160 0 0 0
8 160 0 0 0
16 160 0 0 0
24 160 0 0 0
32 160 0 0 0
40 160 0 0 0
48 160 0 0 0
56 160 0 0 0
64 160 0 0 0
72 160 0 0 0
80 160 0 0 0
88 160 0 0 0
96 160 0 0 0
104 160 0 0 0
112 160 0 0 0
120 160 0 0 0
128 160 0 0 0
136 160 0 0 0
144 160 0 0 0
152 160 0 0 0
160 160 0 1 0
168 160 0 1 0
176 160 0 1 0
184 160 0 1 0
192 160 0 1 0
200 160 0 1 0
208 160 0 1 0
216 160 0 1 0
224 160 0 1 0
232 160 0 1 0
240 160 0 1 0
248 160 0 1 0
256 160 0 1 0
264 160 0 1 0
272 160 0 1 0
280 160 0 1 0
288 160 0 1 0
296 160 0 1 0
304 160 0 1 0
312 160 0 1 0
320 160 0 0 0
328 160 0 0 0
336 160 0 0 0
344 160 0 0 0
352 160 0 0 0
360 160 0 0 0
368 160 0 0 0
376 160 0 0 0
384 160 0 0 0
392 160 0 0 0
400 160 0 0 0
408 160 0 0 0
416 160 0 0 0
424 160 0 0 0
432 160 0 0 0
440 160 0 0 0
448 160 0 0 0
456 160 0 0 0
464 160 0 0 0
472 160 0 0 0
480 160 0 1 0
488 160 0 1 0
496 160 0 1 0
504 160 0 1 0
512 160 0 1 0
520 160 0 1 0
528 160 0 1 0
536 160 0 1 0
544 160 0 1 0
552 160 0 1 0
560 160 0 1 0
568 160 0 1 0
576 160 0 1 0
584 160 0 1 0
592 160 0 1 0
600 160 0 1 0
608 160 0 1 0
616 160 0 1 0
624 160 0 1 0
632 160 0 1 0
0 168 0 0 0
8 168 0 0 0
16 168 0 0 0
24 168 0 0 0
32 168 0 0 0
40 168 0 0 0
48 168 0 0 0
56 168 0 0 0
64 168 0 0 0
72 168 0 0 0
80 168 0 0 0
88 168 0 0 0
96 168 0 0 0
104 168 0 0 0
112 168 0 0 0
120 168 0 0 0
128 168 0 0 0
136 168 0 0 0
144 168 0 0 0
152 168 0 0 0
160 168 0 1 0
168 168 0 1 0
176 168 0 1 0
184 168 0 1 0
192 168 0 1 0
200 168 0 1 0
208 168 0 1 0
216 168 0 1 0
224 168 0 1 0
232 168 0 1 0
240 168 0 1 0
248 168 0 1 0
256 168 0 1 0
264 168 0 1 0
272 168 0 1 0
280 168 0 1 0
288 168 0 1 0
296 168 0 1 0
304 168 0 1 0
312 168 0 1 0
320 168 0 0 0
328 168 0 0 0
336 168 0 0 0
344 168 0 0 0
352 168 0 0 0
360 168 0 0 0
368 168 0 0 0
376 168 0 0 0
384 168 0 0 0
392 168 0 0 0
400 168 0 0 0
408 168 0 0 0
416 168 0 0 0
424 168 0 0 0
432 168 0 0 0
440 168 0 0 0
448 168 0 0 0
456 168 0 0 0
464 168 0 0 0
472 168 0 0 0
480 168 0 1 0
488 168 0 1 0
496 168 0 1 0
504 168 0 1 0
512 168 0 1 0
520 168 0 1 0
528 168 0 1 0
536 168 0 1 0
544 168 0 1 0
552 168 0 1 0
560 168 0 1 0
568 168 0 1 0
576 168 0 1 0
584 168 0 1 0
592 168 0 1 0
600 168 0 1 0
608 168 0 1 0
616 168 0 1 0
624 168 0 1 0
632 168 0 1 0
0 176 0 0 0
8 176 0 0 0
16 176 0 0 0
24 176 0 0 0
32 176 0 0 0
40 176 0 0 0
48 176 0 0 0
56 176 0 0 0
64 176 0 0 0
72 176 0 0 0
80 176 0 0 0
88 176 0 0 0
96 176 0 0 0
104 176 0 0 0
112 176 0 0 0
120 176 0 0 0
128 176 0 0 0
136 176 0 0 0
144 176 0 0 0
152 176 0 0 0
160 176 0 1 0
168 176 0 1 0
176 176 0 1 0
184 176 0 1 0
192 176 0 1 0
200 176 0 1 0
208 176 0 1 0
216 176 0 1 0
224 176 0 1 0
232 176 0 1 0
240 176 0 1 0
248 176 0 1 0
256 176 0 1 0
264 176 0 1 0
272 176 0 1 0
280 176 0 1 0
288 176 0 1 0
296 176 0 1 0
304 176 0 1 0
312 176 0 1 0
320 176 0 0 0
328 176 0 0 0
336 176 0 0 0
344 176 0 0 0
352 176 0 0 0
360 176 0 0 0
368 176 0 0 0
376 176 0 0 0
384 176 0 0 0
392 176 0 0 0
400 176 0 0 0
408 176 0 0 0
416 176 0 0 0
424 176 0 0 0
432 176 0 0 0
440 176 0 0 0
448 176 0 0 0
456 176 0 0 0
464 176 0 0 0
472 176 0 0 0
480 176 0 1 0
488 176 0 1 0
496 176 0 1 0
504 176 0 1 0
512 176 0 1 0
520 176 0 1 0
528 176 0 1 0
536 176 0 1 0
544 176 0 1 0
552 176 0 1 0
560 176 0 1 0
568 176 0 1 0
576 176 0 1 0
584 176 0 1 0
592 176 0 1 0
600 176 0 1 0
608 176 0 1 0
616 176 0 1 0
624 176 0 1 0
632 176 0 1 0
0 184 0 0 0
8 184 0 0 0
16 184 0 0 0
24 184 0 0 0
32 184 0 0 0
40 184 0 0 0
48 184 0 0 0
56 184 0 0 0
64 184 0 0 0
72 184 0 0 0
80 184 0 0 0
88 184 0 0 0
96 184 0 0 0
104 184 0 0 0
112 184 0 0 0
120 184 0 0 0
128 184 0 0 0
136 184 0 0 0
144 184 0 0 0
152 184 0 0 0
160 184 0 1 0
168 184 0 1 0
176 184 0 1 0
184 184 0 1 0
192 184 0 1 0
200 184 0 1 0
208 184 0 1 0
216 184 0 1 0
224 184 0 1 0
232 184 0 1 0
240 184 0 1 0
248 184 0 1 0
256 184 0 1 0
264 184 0 1 0
272 184 0 1 0
280 184 0 1 0
288 184 0 1 0
296 184 0 1 0
304 184 0 1 0
312 184 0 1 0
320 184 0 0 0
328 184 0 0 0
336 184 0 0 0
344 184 0 0 0
352 184 0 0 0
360 184 0 0 0
368 184 0 0 0
376 184 0 0 0
384 184 0 0 0
392 184 0 0 0
400 184 0 0 0
408 184 0 0 0
416 184 0 0 0
424 184 0 0 0
432 184 0 0 0
440 184 0 0 0
448 184 0 0 0
456 184 0 0 0
464 184 0 0 0
472 184 0 0 0
480 184 0 1 0
488 184 0 1 0
496 184 0 1 0
504 184 0 1 0
512 184 0 1 0
520 184 0 1 0
528 184 0 1 0
536 184 0 1 0
544 184 0 1 0
552 184 0 1 0
560 184 0 1 0
568 184 0 1 0
576 184 0 1 0
584 184 0 1 0
592 184 0 1 0
600 184 0 1 0
608 184 0 1 0
616 184 0 1 0
624 184 0 1 0
632 184 0 1 0
0 192 0 0 0
8 192 0 0 0
16 192 0 0 0
24 192 0 0 0
32 192 0 0 0
40 192 0 0 0
48 192 0 0 0
56 192 0 0 0
64 192 0 0 0
72 192 0 0 0
80 192 0 0 0
88 192 0 0 0
96 192 0 0 0
104 192 0 0 0
112 192 0 0 0
120 192 0 0 0
128 192 0 0 0
136 192 0 0 0
144 192 0 0 0
152 192 0 0 0
160 192 0 1 0
168 192 0 1 0
176 192 0 1 0
184 192 0 1 0
192 192 0 1 0
200 192 0 1 0
208 192 0 1 0
216 192 0 1 0
224 192 0 1 0
232 192 0 1 0
240 192 0 1 0
248 192 0 1 0
256 192 0 1 0
264 192 0 1 0
272 192 0 1 0
280 192 0 1 0
288 192 0 1 0
296 192 0 1 0
304 192 0 1 0
312 192 0 1 0
320 192 0 0 0
328 192 0 0 0
336 192 0 0 0
344 192 0 0 0
352 192 0 0 0
360 192 0 0 0
368 192 0 0 0
376 192 0 0 0
384 192 0 0 0
392 192 0 0 0
400 192 0 0 0
408 192 0 0 0
416 192 0 0 0
424 192 0 0 0
432 192 0 0 0
440 192 0 0 0
448 192 0 0 0
456 192 0 0 0
464 192 0 0 0
472 192 0 0 0
480 192 0 1 0
488 192 0 1 0
496 192 0 1 0
504 192 0 1 0
512 192 0 1 0
520 192 0 1 0
528 192 0 1 0
536 192 0 1 0
544 192 0 1 0
552 192 0 1 0
560 192 0 1 0
568 192 0 1 0
576 192 0 1 0
584 192 0 1 0
592 192 0 1 0
600 192 0 1 0
608 192 0 1 0
616 192 0 1 0
624 192 0 1 0
632 192 0 1 0
0 200 0 0 0
8 200 0 0 0
16 200 0 0 0
24 200 0 0 0
32 200 0 0 0
40 200 0 0 0
48 200 0 0 0
56 200 0 0 0
64 200 0 0 0
72 200 0 0 0
80 200 0 0 0
88 200 0 0 0
96 200 0 0 0
104 200 0 0 0
112 200 0 0 0
120 200 0 0 0
128 200 0 0 0
136 200 0 0 0
144 200 0 0 0
152 200 0 0 0
160 200 0 1 0
168 200 0 1 0
176 200 0 1 0
184 200 0 1 0
192 200 0 1 0
200 200 0 1 0
208 200 0 1 0
216 200 0 1 0
224 200 0 1 0
232 200 0 1 0
240 200 0 1 0
248 200 0 1 0
256 200 0 1 0
264 200 0 1 0
272 200 0 1 0
280 200 0 1 0
288 200 0 1 0
296 200 0 1 0
304 200 0 1 0
312 200 0 1 0
320 200 0 0 0
328 200 0 0 0
336 200 0 0 0
344 200 0 0 0
352 200 0 0 0
360 200 0 0 0
368 200 0 0 0
376 200 0 0 0
384 200 0 0 0
392 200 0 0 0
400 200 0 0 0
408 200 0 0 0
416 200 0 0 0
424 200 0 0 0
432 200 0 0 0
440 200 0 0 0
448 200 0 0 0
456 200 0 0 0
464 200 0 0 0
472 200 0 0 0
480 200 0 1 0
488 200 0 1 0
496 200 0 1 0
504 200 0 1 0
512 200 0 1 0
520 200 0 1 0
528 200 0 1 0
536 200 0 1 0
544 200 0 1 0
552 200 0 1 0
560 200 0 1 0
568 200 0 1 0
576 200 0 1 0
584 200 0 1 0
592 200 0 1 0
600 200 0 1 0
608 200 0 1 0
616 200 0 1 0
624 200 0 1 0
632 200 0 1 0
0 208 0 0 0
8 208 0 0 0
16 208 0 0 0
24 208 0 0 0
32 208 0 0 0
40 208 0 0 0
48 208 0 0 0
56 208 0 0 0
64 208 0 0 0
72 208 0 0 0
80 208 0 0 0
88 208 0 0 0
96 208 0 0 0
104 208 0 0 0
112 208 0 0 0
120 208 0 0 0
128 208 0 0 0
136 208 0 0 0
144 208 0 0 0
152 208 0 0 0
160 208 0 1 0
168 208 0 1 0
176 208 0 1 0
184 208 0 1 0
192 208 0 1 0
200 208 0 1 0
208 208 0 1 0
216 208 0 1 0
224 208 0 1 0
232 208 0 1 0
240 208 0 1 0
248 208 0 1 0
256 208 0 1 0
264 208 0 1 0
272 208 0 1 0
280 208 0 1 0
288 208 0 1 0
296 208 0 1 0
304 208 0 1 0
312 208 0 1 0
320 208 0 0 0
328 208 0 0 0
336 208 0 0 0
344 208 0 0 0
352 208 0 0 0
360 208 0 0 0
368 208 0 0 0
376 208 0 0 0
384 208 0 0 0
392 208 0 0 0
400 208 0 0 0
408 208 0 0 0
416 208 0 0 0
424 208 0 0 0
432 208 0 0 0
440 208 0 0 0
448 208 0 0 0
456 208 0 0 0
464 208 0 0 0
472 208 0 0 0
480 208 0 1 0
488 208 0 1 0
496 208 0 1 0
504 208 0 1 0
512 208 0 1 0
520 208 0 1 0
528 208 0 1 0
536 208 0 1 0
544 208 0 1 0
552 208 0 1 0
560 208 0 1 0
568 208 0 1 0
576 208 0 1 0
584 208 0 1 0
592 208 0 1 0
600 208 0 1 0
608 208 0 1 0
616 208 0 1 0
624 208 0 1 0
632 208 0 1 0
0 216 0 0 0
8 216 0 0 0
16 216 0 0 0
24 216 0 0 0
32 216 0 0 0
40 216 0 0 0
48 216 0 0 0
56 216 0 0 0
64 216 0 0 0
72 216 0 0 0
80 216 0 0 0
88 216 0 0 0
96 216 0 0 0
104 216 0 0 0
112 216 0 0 0
120 216 0 0 0
128 216 0 0 0
136 216 0 0 0
144 216 0 0 0
152 216 0 0 0
160 216 0 1 0
168 216 0 1 0
176 216 0 1 0
184 216 0 1 0
192 216 0 1 0
200 216 0 1 0
208 216 0 1 0
216 216 0 1 0
224 216 0 1 0
232 216 0 1 0
240 216 0 1 0
248 216 0 1 0
256 216 0 1 0
264 216 0 1 0
272 216 0 1 0
280 216 0 1 0
288 216 0 1 0
296 216 0 1 0
304 216 0 1 0
312 216 0 1 0
320 216 0 0 0
328 216 0 0 0
336 216 0 0 0
344 216 0 0 0
352 216 0 0 0
360 216 0 0 0
368 216 0 0 0
376 216 0 0 0
384 216 0 0 0
392 216 0 0 0
400 216 0 0 0
408 216 0 0 0
416 216 0 0 0
424 216 0 0 0
432 216 0 0 0
440 216 0 0 0
448 216 0 0 0
456 216 0 0 0
464 216 0 0 0
472 216 0 0 0
480 216 0 1 0
488 216 0 1 0
496 216 0 1 0
504 216 0 1 0
512 216 0 1 0
520 216 0 1 0
528 216 0 1 0
536 216 0 1 0
544 216 0 1 0
552 216 0 1 0
560 216 0 1 0
568 216 0 1 0
576 216 0 1 0
584 216 0 1 0
592 216 0 1 0
600 216 0 1 0
608 216 0 1 0
616 216 0 1 0
624 216 0 1 0
632 216 0 1 0
0 224 0 0 0
8 224 0 0 0
16 224 0 0 0
24 224 0 0 0
32 224 0 0 0
40 224 0 0 0
48 224 0 0 0
56 224 0 0 0
64 224 0 0 0
72 224 0 0 0
80 224 0 0 0
88 224 0 0 0
96 224 0 0 0
104 224 0 0 0
112 224 0 0 0
120 224 0 0 0
128 224 0 0 0
136 224 0 0 0
144 224 0 0 0
152 224 0 0 0
160 224 0 1 0
168 224 0 1 0
176 224 0 1 0
184 224 0 1 0
192 224 0 1 0
200 224 0 1 0
208 224 0 1 0
216 224 0 1 0
224 224 0 1 0
232 224 0 1 0
240 224 0 1 0
248 224 0 1 0
256 224 0 1 0
264 224 0 1 0
272 224 0 1 0
280 224 0 1 0
288 224 0 1 0
296 224 0 1 0
304 224 0 1 0
312 224 0 1 0
320 224 0 0 0
328 224 0 0 0
336 224 0 0 0
344 224 0 0 0
352 224 0 0 0
360 224 0 0 0
368 224 0 0 0
376 224 0 0 0
384 224 0 0 0
392 224 0 0 0
400 224 0 0 0
408 224 0 0 0
416 224 0 0 0
424 224 0 0 0
432 224 0 0 0
440 224 0 0 0
448 224 0 0 0
456 224 0 0 0
464 224 0 0 0
472 224 0 0 0
480 224 0 1 0
488 224 0 1 0
496 224 0 1 0
504 224 0 1 0
512 224 0 1 0
520 224 0 1 0
528 224 0 1 0
536 224 0 1 0
544 224 0 1 0
552 224 0 1 0
560 224 0 1 0
568 224 0 1 0
576 224 0 1 0
584 224 0 1 0
592 224 0 1 0
600 224 0 1 0
608 224 0 1 0
616 224 0 1 0
624 224 0 1 0
632 224 0 1 0
0 232 0 0 0
8 232 0 0 0
16 232 0 0 0
24 232 0 0 0
32 232 0 0 0
40 232 0 0 0
48 232 0 0 0
56 232 0 0 0
64 232 0 0 0
72 232 0 0 0
80 232 0 0 0
88 232 0 0 0
96 232 0 0 0
104 232 0 0 0
112 232 0 0 0
120 232 0 0 0
128 232 0 0 0
136 232 0 0 0
144 232 0 0 0
152 232 0 0 0
160 232 0 1 0
168 232 0 1 0
176 232 0 1 0
184 232 0 1 0
192 232 0 1 0
200 232 0 1 0
208 232 0 1 0
216 232 0 1 0
224 232 0 1 0
232 232 0 1 0
240 232 0 1 0
248 232 0 1 0
256 232 0 1 0
264 232 0 1 0
272 232 0 1 0
280 232 0 1 0
288 232 0 1 0
296 232 0 1 0
304 232 0 1 0
312 232 0 1 0
320 232 0 0 0
328 232 0 0 0
336 232 0 0 0
344 232 0 0 0
352 232 0 0 0
360 232 0 0 0
368 232 0 0 0
376 232 0 0 0
384 232 0 0 0
392 232 0 0 0
400 232 0 0 0
408 232 0 0 0
416 232 0 0 0
424 232 0 0 0
432 232 0 0 0
440 232 0 0 0
448 232 0 0 0
456 232 0 0 0
464 232 0 0 0
472 232 0 0 0
480 232 0 1 0
488 232 0 1 0
496 232 0 1 0
504 232 0 1 0
512 232 0 1 0
520 232 0 1 0
528 232 0 1 0
536 232 0 1 0
544 232 0 1 0
552 232 0 1 0
560 232 0 1 0
568 232 0 1 0
576 232 0 1 0
584 232 0 1 0
592 232 0 1 0
600 232 0 1 0
608 232 0 1 0
616 232 0 1 0
624 232 0 1 0
632 232 0 1 0
0 240 0 0 0
8 240 0 0 0
16 240 0 0 0
24 240 0 0 0
32 240 0 0 0
40 240 0 0 0
48 240 0 0 0
56 240 0 0 0
64 240 0 0 0
72 240 0 0 0
80 240 0 0 0
88 240 0 0 0
96 240 0 0 0
104 240 0 0 0
112 240 0 0 0
120 240 0 0 0
128 240 0 0 0
136 240 0 0 0
144 240 0 0 0
152 240 0 0 0
160 240 0 1 0
168 240 0 1 0
176 240 0 1 0
184 240 0 1 0
192 240 0 1 0
200 240 0 1 0
208 240 0 1 0
216 240 0 1 0
224 240 0 1 0
232 240 0 1 0
240 240 0 1 0
248 240 0 1 0
256 240 0 1 0
264 240 0 1 0
272 240 0 1 0
280 240 0 1 0
288 240 0 1 0
296 240 0 1 0
304 240 0 1 0
312 240 0 1 0
320 240 0 0 0
328 240 0 0 0
336 240 0 0 0
344 240 0 0 0
352 240 0 0 0
360 240 0 0 0
368 240 0 0 0
376 240 0 0 0
384 240 0 0 0
392 240 0 0 0
400 240 0 0 0
408 240 0 0 0
416 240 0 0 0
424 240 0 0 0
432 240 0 0 0
440 240 0 0 0
448 240 0 0 0
456 240 0 0 0
464 240 0 0 0
472 240 0 0 0
480 240 0 1 0
488 240 0 1 0
496 240 0 1 0
504 240 0 1 0
512 240 0 1 0
520 240 0 1 0
528 240 0 1 0
536 240 0 1 0
544 240 0 1 0
552 240 0 1 0
560 240 0 1 0
568 240 0 1 0
576 240 0 1 0
584 240 0 1 0
592 240 0 1 0
600 240 0 1 0
608 240 0 1 0
616 240 0 1 0
624 240 0 1 0
632 240 0 1 0
0 248 0 0 0
8 248 0 0 0
16 248 0 0 0
24 248 0 0 0
32 248 0 0 0
40 248 0 0 0
48 248 0 0 0
56 248 0 0 0
64 248 0 0 0
72 248 0 0 0
80 248 0 0 0
88 248 0 0 0
96 248 0 0 0
104 248 0 0 0
112 248 0 0 0
120 248 0 0 0
128 248 0 0 0
136 248 0 0 0
144 248 0 0 0
152 248 0 0 0
160 248 0 1 0
168 248 0 1 0
176 248 0 1 0
184 248 0 1 0
192 248 0 1 0
200 248 0 1 0
208 248 0 1 0
216 248 0 1 0
224 248 0 1 0
232 248 0 1 0
240 248 0 1 0
248 248 0 1 0
256 248 0 1 0
264 248 0 1 0
272 248 0 1 0
280 248 0 1 0
288 248 0 1 0
296 248 0 1 0
304 248 0 1 0
312 248 0 1 0
320 248 0 0 0
328 248 0 0 0
336 248 0 0 0
344 248 0 0 0
352 248 0 0 0
360 248 0 0 0
368 248 0 0 0
376 248 0 0 0
384 248 0 0 0
392 248 0 0 0
400 248 0 0 0
408 248 0 0 0
416 248 0 0 0
424 248 0 0 0
432 248 0 0 0
440 248 0 0 0
448 248 0 0 0
456 248 0 0 0
464 248 0 0 0
472 248 0 0 0
480 248 0 1 0
488 248 0 1 0
496 248 0 1 0
504 248 0 1 0
512 248 0 1 0
520 248 0 1 0
528 248 0 1 0
536 248 0 1 0
544 248 0 1 0
552 248 0 1 0
560 248 0 1 0
568 248 0 1 0
576 248 0 1 0
584 248 0 1 0
592 248 0 1 0
600 248 0 1 0
608 248 0 1 0
616 248 0 1 0
624 248 0 1 0
632 248 0 1 0
0 256 0 0 0
8 256 0 0 0
16 256 0 0 0
24 256 0 0 0
32 256 0 0 0
40 256 0 0 0
48 256 0 0 0
56 256 0 0 0
64 256 0 0 0
72 256 0 0 0
80 256 0 0 0
88 256 0 0 0
96 256 0 0 0
104 256 0 0 0
112 256 0 0 0
120 256 0 0 0
128 256 0 0 0
136 256 0 0 0
144 256 0 0 0
152 256 0 0 0
160 256 0 1 0
168 256 0 1 0
176 256 0 1 0
184 256 0 1 0
192 256 0 1 0
200 256 0 1 0
208 256 0 1 0
216 256 0 1 0
224 256 0 1 0
232 256 0 1 0
240 256 0 1 0
248 256 0 1 0
256 256 0 1 0
264 256 0 1 0
272 256 0 1 0
280 256 0 1 0
288 256 0 1 0
296 256 0 1 0
304 256 0 1 0
312 256 0 1 0
320 256 0 0 0
328 256 0 0 0
336 256 0 0 0
344 256 0 0 0
352 256 0 0 0
360 256 0 0 0
368 256 0 0 0
376 256 0 0 0
384 256 0 0 0
392 256 0 0 0
400 256 0 0 0
408 256 0 0 0
416 256 0 0 0
424 256 0 0 0
432 256 0 0 0
440 256 0 0 0
448 256 0 0 0
456 256 0 0 0
464 256 0 0 0
472 256 0 0 0
480 256 0 1 0
488 256 0 1 0
496 256 0 1 0
504 256 0 1 0
512 256 0 1 0
520 256 0 1 0
528 256 0 1 0
536 256 0 1 0
544 256 0 1 0
552 256 0 1 0
560 256 0 1 0
568 256 0 1 0
576 256 0 1 0
584 256 0 1 0
592 256 0 1 0
600 256 0 1 0
608 256 0 1 0
616 256 0 1 0
624 256 0 1 0
632 256 0 1 0
0 264 0 0 0
8 264 0 0 0
16 264 0 0 0
24 264 0 0 0
32 264 0 0 0
40 264 0 0 0
48 264 0 0 0
56 264 0 0 0
64 264 0 0 0
72 264 0 0 0
80 264 0 0 0
88 264 0 0 0
96 264 0 0 0
104 264 0 0 0
112 264 0 0 0
120 264 0 0 0
128 264 0 0 0
136 264 0 0 0
144 264 0 0 0
152 264 0 0 0
160 264 0 1 0
168 264 0 1 0
176 264 0 1 0
184 264 0 1 0
192 264 0 1 0
200 264 0 1 0
208 264 0 1 0
216 264 0 1 0
224 264 0 1 0
232 264 0 1 0
240 264 0 1 0
248 264 0 1 0
256 264 0 1 0
264 264 0 1 0
272 264 0 1 0
280 264 0 1 0
288 264 0 1 0
296 264 0 1 0
304 264 0 1 0
312 264 0 1 0
320 264 0 0 0
328 264 0 0 0
336 264 0 0 0
344 264 0 0 0
352 264 0 0 0
360 264 0 0 0
368 264 0 0 0
376 264 0 0 0
384 264 0 0 0
392 264 0 0 0
400 264 0 0 0
408 264 0 0 0
416 264 0 0 0
424 264 0 0 0
432 264 0 0 0
440 264 0 0 0
448 264 0 0 0
456 264 0 0 0
464 264 0 0 0
472 264 0 0 0
480 264 0 1 0
488 264 0 1 0
496 264 0 1 0
504 264 0 1 0
512 264 0 1 0
520 264 0 1 0
528 264 0 1 0
536 264 0 1 0
544 264 0 1 0
552 264 0 1 0
560 264 0 1 0
568 264 0 1 0
576 264 0 1 0
584 264 0 1 0
592 264 0 1 0
600 264 0 1 0
608 264 0 1 0
616 264 0 1 0
624 264 0 1 0
632 264 0 1 0
0 272 0 0 0
8 272 0 0 0
16 272 0 0 0
24 272 0 0 0
32 272 0 0 0
40 272 0 0 0
48 272 0 0 0
56 272 0 0 0
64 272 0 0 0
72 272 0 0 0
80 272 0 0 0
88 272 0 0 0
96 272 0 0 0
104 272 0 0 0
112 272 0 0 0
120 272 0 0 0
128 272 0 0 0
136 272 0 0 0
144 272 0 0 0
152 272 0 0 0
160 272 0 1 0
168 272 0 1 0
176 272 0 1 0
184 272 0 1 0
192 272 0 1 0
200 272 0 1 0
208 272 0 1 0
216 272 0 1 0
224 272 0 1 0
232 272 0 1 0
240 272 0 1 0
248 272 0 1 0
256 272 0 1 0
264 272 0 1 0
272 272 0 1 0
280 272 0 1 0
288 272 0 1 0
296 272 0 1 0
304 272 0 1 0
312 272 0 1 0
320 272 0 0 0
328 272 0 0 0
336 272 0 0 0
344 272 0 0 0
352 272 0 0 0
360 272 0 0 0
368 272 0 0 0
376 272 0 0 0
384 272 0 0 0
392 272 0 0 0
400 272 0 0 0
408 272 0 0 0
416 272 0 0 0
424 272 0 0 0
432 272 0 0 0
440 272 0 0 0
448 272 0 0 0
456 272 0 0 0
464 272 0 0 0
472 272 0 0 0
480 272 0 1 0
488 272 0 1 0
496 272 0 1 0
504 272 0 1 0
512 272 0 1 0
520 272 0 1 0
528 272 0 1 0
536 272 0 1 0
544 272 0 1 0
552 272 0 1 0
560 272 0 1 0
568 272 0 1 0
576 272 0 1 0
584 272 0 1 0
592 272 0 1 0
600 272 0 1 0
608 272 0 1 0
616 272 0 1 0
624 272 0 1 0
632 272 0 1 0
0 280 0 0 0
8 280 0 0 0
16 280 0 0 0
24 280 0 0 0
32 280 0 0 0
40 280 0 0 0
48 280 0 0 0
56 280 0 0 0
64 280 0 0 0
72 280 0 0 0
80 280 0 0 0
88 280 0 0 0
96 280 0 0 0
104 280 0 0 0
112 280 0 0 0
120 280 0 0 0
128 280 0 0 0
136 280 0 0 0
144 280 0 0 0
152 280 0 0 0
160 280 0 1 0
168 280 0 1 0
176 280 0 1 0
184 280 0 1 0
192 280 0 1 0
200 280 0 1 0
208 280 0 1 0
216 280 0 1 0
224 280 0 1 0
232 280 0 1 0
240 280 0 1 0
248 280 0 1 0
256 280 0 1 0
264 280 0 1 0
272 280 0 1 0
280 280 0 1 0
288 280 0 1 0
296 280 0 1 0
304 280 0 1 0
312 280 0 1 0
320 280 0 0 0
328 280 0 0 0
336 280 0 0 0
344 280 0 0 0
352 280 0 0 0
360 280 0 0 0
368 280 0 0 0
376 280 0 0 0
384 280 0 0 0
392 280 0 0 0
400 280 0 0 0
408 280 0 0 0
416 280 0 0 0
424 280 0 0 0
432 280 0 0 0
440 280 0 0 0
448 280 0 0 0
456 280 0 0 0
464 280 0 0 0
472 280 0 0 0
480 280 0 1 0
488 280 0 1 0
496 280 0 1 0
504 280 0 1 0
512 280 0 1 0
520 280 0 1 0
528 280 0 1 0
536 280 0 1 0
544 280 0 1 0
552 280 0 1 0
560 280 0 1 0
568 280 0 1 0
576 280 0 1 0
584 280 0 1 0
592 280 0 1 0
600 280 0 1 0
608 280 0 1 0
616 280 0 1 0
624 280 0 1 0
632 280 0 1 0
0 288 0 0 0
8 288 0 0 0
16 288 0 0 0
24 288 0 0 0
32 288 0 0 0
40 288 0 0 0
48 288 0 0 0
56 288 0 0 0
64 288 0 0 0
72 288 0 0 0
80 288 0 0 0
88 288 0 0 0
96 288 0 0 0
104 288 0 0 0
112 288 0 0 0
120 288 0 0 0
128 288 0 0 0
136 288 0 0 0
144 288 0 0 0
152 288 0 0 0
160 288 0 1 0
168 288 0 1 0
176 288 0 1 0
184 288 0 1 0
192 288 0 1 0
200 288 0 1 0
208 288 0 1 0
216 288 0 1 0
224 288 0 1 0
232 288 0 1 0
240 288 0 1 0
248 288 0 1 0
256 288 0 1 0
264 288 0 1 0
272 288 0 1 0
280 288 0 1 0
288 288 0 1 0
296 288 0 1 0
304 288 0 1 0
312 288 0 1 0
320 288 0 0 0
328 288 0 0 0
336 288 0 0 0
344 288 0 0 0
352 288 0 0 0
360 288 0 0 0
368 288 0 0 0
376 288 0 0 0
384 288 0 0 0
392 288 0 0 0
400 288 0 0 0
408 288 0 0 0
416 288 0 0 0
424 288 0 0 0
432 288 0 0 0
440 288 0 0 0
448 288 0 0 0
456 288 0 0 0
464 288 0 0 0
472 288 0 0 0
480 288 0 1 0
488 288 0 1 0
496 288 0 1 0
504 288 0 1 0
512 288 0 1 0
520 288 0 1 0
528 288 0 1 0
536 288 0 1 0
544 288 0 1 0
552 288 0 1 0
560 288 0 1 0
568 288 0 1 0
576 288 0 1 0
584 288 0 1 0
592 288 0 1 0
600 288 0 1 0
608 288 0 1 0
616 288 0 1 0
624 288 0 1 0
632 288 0 1 0
0 296 0 0 0
8 296 0 0 0
16 296 0 0 0
24 296 0 0 0
32 296 0 0 0
40 296 0 0 0
48 296 0 0 0
56 296 0 0 0
64 296 0 0 0
72 296 0 0 0
80 296 0 0 0
88 296 0 0 0
96 296 0 0 0
104 296 0 0 0
112 296 0 0 0
120 296 0 0 0
128 296 0 0 0
136 296 0 0 0
144 296 0 0 0
152 296 0 0 0
160 296 0 1 0
168 296 0 1 0
176 296 0 1 0
184 296 0 1 0
192 296 0 1 0
200 296 0 1 0
208 296 0 1 0
216 296 0 1 0
224 296 0 1 0
232 296 0 1 0
240 296 0 1 0
248 296 0 1 0
256 296 0 1 0
264 296 0 1 0
272 296 0 1 0
280 296 0 1 0
288 296 0 1 0
296 296 0 1 0
304 296 0 1 0
312 296 0 1 0
320 296 0 0 0
328 296 0 0 0
336 296 0 0 0
344 296 0 0 0
352 296 0 0 0
360 296 0 0 0
368 296 0 0 0
376 296 0 0 0
384 296 0 0 0
392 296 0 0 0
400 296 0 0 0
408 296 0 0 0
416 296 0 0 0
424 296 0 0 0
432 296 0 0 0
440 296 0 0 0
448 296 0 0 0
456 296 0 0 0
464 296 0 0 0
472 296 0 0 0
480 296 0 1 0
488 296 0 1 0
496 296 0 1 0
504 296 0 1 0
512 296 0 1 0
520 296 0 1 0
528 296 0 1 0
536 296 0 1 0
544 296 0 1 0
552 296 0 1 0
560 296 0 1 0
568 296 0 1 0
576 296 0 1 0
584 296 0 1 0
592 296 0 1 0
600 296 0 1 0
608 296 0 1 0
616 296 0 1 0
624 296 0 1 0
632 296 0 1 0
0 304 0 0 0
8 304 0 0 0
16 304 0 0 0
24 304 0 0 0
32 304 0 0 0
40 304 0 0 0
48 304 0 0 0
56 304 0 0 0
64 304 0 0 0
72 304 0 0 0
80 304 0 0 0
88 304 0 0 0
96 304 0 0 0
104 304 0 0 0
112 304 0 0 0
120 304 0 0 0
128 304 0 0 0
136 304 0 0 0
144 304 0 0 0
152 304 0 0 0
160 304 0 1 0
168 304 0 1 0
176 304 0 1 0
184 304 0 1 0
192 304 0 1 0
200 304 0 1 0
208 304 0 1 0
216 304 0 1 0
224 304 0 1 0
232 304 0 1 0
240 304 0 1 0
248 304 0 1 0
256 304 0 1 0
264 304 0 1 0
272 304 0 1 0
280 304 0 1 0
288 304 0 1 0
296 304 0 1 0
304 304 0 1 0
312 304 0 1 0
320 304 0 0 0
328 304 0 0 0
336 304 0 0 0
344 304 0 0 0
352 304 0 0 0
360 304 0 0 0
368 304 0 0 0
376 304 0 0 0
384 304 0 0 0
392 304 0 0 0
400 304 0 0 0
408 304 0 0 0
416 304 0 0 0
424 304 0 0 0
432 304 0 0 0
440 304 0 0 0
448 304 0 0 0
456 304 0 0 0
464 304 0 0 0
472 304 0 0 0
480 304 0 1 0
488 304 0 1 0
496 304 0 1 0
504 304 0 1 0
512 304 0 1 0
520 304 0 1 0
528 304 0 1 0
536 304 0 1 0
544 304 0 1 0
552 304 0 1 0
560 304 0 1 0
568 304 0 1 0
576 304 0 1 0
584 304 0 1 0
592 304 0 1 0
600 304 0 1 0
608 304 0 1 0
616 304 0 1 0
624 304 0 1 0
632 304 0 1 0
0 312 0 0 0
8 312 0 0 0
16 312 0 0 0
24 312 0 0 0
32 312 0 0 0
40 312 0 0 0
48 312 0 0 0
56 312 0 0 0
64 312 0 0 0
72 312 0 0 0
80 312 0 0 0
88 312 0 0 0
96 312 0 0 0
104 312 0 0 0
112 312 0 0 0
120 312 0 0 0
128 312 0 0 0
136 312 0 0 0
144 312 0 0 0
152 312 0 0 0
160 312 0 1 0
168 312 0 1 0
176 312 0 1 0
184 312 0 1 0
192 312 0 1 0
200 312 0 1 0
208 312 0 1 0
216 312 0 1 0
224 312 0 1 0
232 312 0 1 0
240 312 0 1 0
248 312 0 1 0
256 312 0 1 0
264 312 0 1 0
272 312 0 1 0
280 312 0 1 0
288 312 0 1 0
296 312 0 1 0
304 312 0 1 0
312 312 0 1 0
320 312 0 0 0
328 312 0 0 0
336 312 0 0 0
344 312 0 0 0
352 312 0 0 0
360 312 0 0 0
368 312 0 0 0
376 312 0 0 0
384 312 0 0 0
392 312 0 0 0
400 312 0 0 0
408 312 0 0 0
416 312 0 0 0
424 312 0 0 0
432 312 0 0 0
440 312 0 0 0
448 312 0 0 0
456 312 0 0 0
464 312 0 0 0
472 312 0 0 0
480 312 0 1 0
488 312 0 1 0
496 312 0 1 0
504 312 0 1 0
512 312 0 1 0
520 312 0 1 0
528 312 0 1 0
536 312 0 1 0
544 312 0 1 0
552 312 0 1 0
560 312 0 1 0
568 312 0 1 0
576 312 0 1 0
584 312 0 1 0
592 312 0 1 0
600 312 0 1 0
608 312 0 1 0
616 312 0 1 0
624 312 0 1 0
632 312 0 1 0
0 320 0 1 0
8 320 0 1 0
16 320 0 1 0
24 320 0 1 0
32 320 0 1 0
40 320 0 1 0
48 320 0 1 0
56 320 0 1 0
64 320 0 1 0
72 320 0 1 0
80 320 0 1 0
88 320 0 1 0
96 320 0 1 0
104 320 0 1 0
112 320 0 1 0
120 320 0 1 0
128 320 0 1 0
136 320 0 1 0
144 320 0 1 0
152 320 0 1 0
160 320 0 0 0
168 320 0 0 0
176 320 0 0 0
184 320 0 0 0
192 320 0 0 0
200 320 0 0 0
208 320 0 0 0
216 320 0 0 0
224 320 0 0 0
232 320 0 0 0
240 320 0 0 0
248 320 0 0 0
256 320 0 0 0
264 320 0 0 0
272 320 0 0 0
280 320 0 0 0
288 320 0 0 0
296 320 0 0 0
304 320 0 0 0
312 320 0 0 0
320 320 0 1 0
328 320 0 1 0
336 320 0 1 0
344 320 0 1 0
352 320 0 1 0
360 320 0 1 0
368 320 0 1 0
376 320 0 1 0
384 320 0 1 0
392 320 0 1 0
400 320 0 1 0
408 320 0 1 0
416 320 0 1 0
424 320 0 1 0
432 320 0 1 0
440 320 0 1 0
448 320 0 1 0
456 320 0 1 0
464 320 0 1 0
472 320 0 1 0
480 320 0 0 0
488 320 0 0 0
496 320 0 0 0
504 320 0 0 0
512 320 0 0 0
520 320 0 0 0
528 320 0 0 0
536 320 0 0 0
544 320 0 0 0
552 320 0 0 0
560 320 0 0 0
568 320 0 0 0
576 320 0 0 0
584 320 0 0 0
592 320 0 0 0
600 320 0 0 0
608 320 0 0 0
616 320 0 0 0
624 320 0 0 0
632 320 0 0 0
0 328 0 1 0
8 328 0 1 0
16 328 0 1 0
24 328 0 1 0
32 328 0 1 0
40 328 0 1 0
48 328 0 1 0
56 328 0 1 0
64 328 0 1 0
72 328 0 1 0
80 328 0 1 0
88 328 0 1 0
96 328 0 1 0
104 328 0 1 0
112 328 0 1 0
120 328 0 1 0
128 328 0 1 0
136 328 0 1 0
144 328 0 1 0
152 328 0 1 0
160 328 0 0 0
168 328 0 0 0
176 328 0 0 0
184 328 0 0 0
192 328 0 0 0
200 328 0 0 0
208 328 0 0 0
216 328 0 0 0
224 328 0 0 0
232 328 0 0 0
240 328 0 0 0
248 328 0 0 0
256 328 0 0 0
264 328 0 0 0
272 328 0 0 0
280 328 0 0 0
288 328 0 0 0
296 328 0 0 0
304 328 0 0 0
312 328 0 0 0
320 328 0 1 0
328 328 0 1 0
336 328 0 1 0
344 328 0 1 0
352 328 0 1 0
360 328 0 1 0
368 328 0 1 0
376 328 0 1 0
384 328 0 1 0
392 328 0 1 0
400 328 0 1 0
408 328 0 1 0
416 328 0 1 0
424 328 0 1 0
432 328 0 1 0
440 328 0 1 0
448 328 0 1 0
456 328 0 1 0
464 328 0 1 0
472 328 0 1 0
480 328 0 0 0
488 328 0 0 0
496 328 0 0 0
504 328 0 0 0
512 328 0 0 0
520 328 0 0 0
528 328 0 0 0
536 328 0 0 0
544 328 0 0 0
552 328 0 0 0
560 328 0 0 0
568 328 0 0 0
576 328 0 0 0
584 328 0 0 0
592 328 0 0 0
600 328 0 0 0
608 328 0 0 0
616 328 0 0 0
624 328 0 0 0
632 328 0 0 0
0 336 0 1 0
8 336 0 1 0
16 336 0 1 0
24 336 0 1 0
32 336 0 1 0
40 336 0 1 0
48 336 0 1 0
56 336 0 1 0
64 336 0 1 0
72 336 0 1 0
80 336 0 1 0
88 336 0 1 0
96 336 0 1 0
104 336 0 1 0
112 336 0 1 0
120 336 0 1 0
128 336 0 1 0
136 336 0 1 0
144 336 0 1 0
152 336 0 1 0
160 336 0 0 0
168 336 0 0 0
176 336 0 0 0
184 336 0 0 0
192 336 0 0 0
200 336 0 0 0
208 336 0 0 0
216 336 0 0 0
224 336 0 0 0
232 336 0 0 0
240 336 0 0 0
248 336 0 0 0
256 336 0 0 0
264 336 0 0 0
272 336 0 0 0
280 336 0 0 0
288 336 0 0 0
296 336 0 0 0
304 336 0 0 0
312 336 0 0 0
320 336 0 1 0
328 336 0 1 0
336 336 0 1 0
344 336 0 1 0
352 336 0 1 0
360 336 0 1 0
368 336 0 1 0
376 336 0 1 0
384 336 0 1 0
392 336 0 1 0
400 336 0 1 0
408 336 0 1 0
416 336 0 1 0
424 336 0 1 0
432 336 0 1 0
440 336 0 1 0
448 336 0 1 0
456 336 0 1 0
464 336 0 1 0
472 336 0 1 0
480 336 0 0 0
488 336 0 0 0
496 336 0 0 0
504 336 0 0 0
512 336 0 0 0
520 336 0 0 0
528 336 0 0 0
536 336 0 0 0
544 336 0 0 0
552 336 0 0 0
560 336 0 0 0
568 336 0 0 0
576 336 0 0 0
584 336 0 0 0
592 336 0 0 0
600 336 0 0 0
608 336 0 0 0
616 336 0 0 0
624 336 0 0 0
632 336 0 0 0
0 344 0 1 0
8 344 0 1 0
16 344 0 1 0
24 344 0 1 0
32 344 0 1 0
40 344 0 1 0
48 344 0 1 0
56 344 0 1 0
64 344 0 1 0
72 344 0 1 0
80 344 0 1 0
88 344 0 1 0
96 344 0 1 0
104 344 0 1 0
112 344 0 1 0
120 344 0 1 0
128 344 0 1 0
136 344 0 1 0
144 344 0 1 0
152 344 0 1 0
160 344 0 0 0
168 344 0 0 0
176 344 0 0 0
184 344 0 0 0
192 344 0 0 0
200 344 0 0 0
208 344 0 0 0
216 344 0 0 0
224 344 0 0 0
232 344 0 0 0
240 344 0 0 0
248 344 0 0 0
256 344 0 0 0
264 344 0 0 0
272 344 0 0 0
280 344 0 0 0
288 344 0 0 0
296 344 0 0 0
304 344 0 0 0
312 344 0 0 0
320 344 0 1 0
328 344 0 1 0
336 344 0 1 0
344 344 0 1 0
352 344 0 1 0
360 344 0 1 0
368 344 0 1 0
376 344 0 1 0
384 344 0 1 0
392 344 0 1 0
400 344 0 1 0
408 344 0 1 0
416 344 0 1 0
424 344 0 1 0
432 344 0 1 0
440 344 0 1 0
448 344 0 1 0
456 344 0 1 0
464 344 0 1 0
472 344 0 1 0
480 344 0 0 0
488 344 0 0 0
496 344 0 0 0
504 344 0 0 0
512 344 0 0 0
520 344 0 0 0
528 344 0 0 0
536 344 0 0 0
544 344 0 0 0
552 344 0 0 0
560 344 0 0 0
568 344 0 0 0
576 344 0 0 0
584 344 0 0 0
592 344 0 0 0
600 344 0 0 0
608 344 0 0 0
616 344 0 0 0
624 344 0 0 0
632 344 0 0 0
0 352 0 1 0
8 352 0 1 0
16 352 0 1 0
24 352 0 1 0
32 352 0 1 0
40 352 0 1 0
48 352 0 1 0
56 352 0 1 0
64 352 0 1 0
72 352 0 1 0
80 352 0 1 0
88 352 0 1 0
96 352 0 1 0
104 352 0 1 0
112 352 0 1 0
120 352 0 1 0
128 352 0 1 0
136 352 0 1 0
144 352 0 1 0
152 352 0 1 0
160 352 0 0 0
168 352 0 0 0
176 352 0 0 0
184 352 0 0 0
192 352 0 0 0
200 352 0 0 0
208 352 0 0 0
216 352 0 0 0
224 352 0 0 0
232 352 0 0 0
240 352 0 0 0
248 352 0 0 0
256 352 0 0 0
264 352 0 0 0
272 352 0 0 0
280 352 0 0 0
288 352 0 0 0
296 352 0 0 0
304 352 0 0 0
312 352 0 0 0
320 352 0 1 0
328 352 0 1 0
336 352 0 1 0
344 352 0 1 0
352 352 0 1 0
360 352 0 1 0
368 352 0 1 0
376 352 0 1 0
384 352 0 1 0
392 352 0 1 0
400 352 0 1 0
408 352 0 1 0
416 352 0 1 0
424 352 0 1 0
432 352 0 1 0
440 352 0 1 0
448 352 0 1 0
456 352 0 1 0
464 352 0 1 0
472 352 0 1 0
480 352 0 0 0
488 352 0 0 0
496 352 0 0 0
504 352 0 0 0
512 352 0 0 0
520 352 0 0 0
528 352 0 0 0
536 352 0 0 0
544 352 0 0 0
552 352 0 0 0
560 352 0 0 0
568 352 0 0 0
576 352 0 0 0
584 352 0 0 0
592 352 0 0 0
600 352 0 0 0
608 352 0 0 0
616 352 0 0 0
624 352 0 0 0
632 352 0 0 0
0 360 0 1 0
8 360 0 1 0
16 360 0 1 0
24 360 0 1 0
32 360 0 1 0
40 360 0 1 0
48 360 0 1 0
56 360 0 1 0
64 360 0 1 0
72 360 0 1 0
80 360 0 1 0
88 360 0 1 0
96 360 0 1 0
104 360 0 1 0
112 360 0 1 0
120 360 0 1 0
128 360 0 1 0
136 360 0 1 0
144 360 0 1 0
152 360 0 1 0
160 360 0 0 0
168 360 0 0 0
176 360 0 0 0
184 360 0 0 0
192 360 0 0 0
200 360 0 0 0
208 360 0 0 0
216 360 0 0 0
224 360 0 0 0
232 360 0 0 0
240 360 0 0 0
248 360 0 0 0
256 360 0 0 0
264 360 0 0 0
272 360 0 0 0
280 360 0 0 0
288 360 0 0 0
296 360 0 0 0
304 360 0 0 0
312 360 0 0 0
320 360 0 1 0
328 360 0 1 0
336 360 0 1 0
344 360 0 1 0
352 360 0 1 0
360 360 0 1 0
368 360 0 1 0
376 360 0 1 0
384 360 0 1 0
392 360 0 1 0
400 360 0 1 0
408 360 0 1 0
416 360 0 1 0
424 360 0 1 0
432 360 0 1 0
440 360 0 1 0
448 360 0 1 0
456 360 0 1 0
464 360 0 1 0
472 360 0 1 0
480 360 0 0 0
488 360 0 0 0
496 360 0 0 0
504 360 0 0 0
512 360 0 0 0
520 360 0 0 0
528 360 0 0 0
536 360 0 0 0
544 360 0 0 0
552 360 0 0 0
560 360 0 0 0
568 360 0 0 0
576 360 0 0 0
584 360 0 0 0
592 360 0 0 0
600 360 0 0 0
608 360 0 0 0
616 360 0 0 0
624 360 0 0 0
632 360 0 0 0
0 368 0 1 0
8 368 0 1 0
16 368 0 1 0
24 368 0 1 0
32 368 0 1 0
40 368 0 1 0
48 368 0 1 0
56 368 0 1 0
64 368 0 1 0
72 368 0 1 0
80 368 0 1 0
88 368 0 1 0
96 368 0 1 0
104 368 0 1 0
112 368 0 1 0
120 368 0 1 0
128 368 0 1 0
136 368 0 1 0
144 368 0 1 0
152 368 0 1 0
160 368 0 0 0
168 368 0 0 0
176 368 0 0 0
184 368 0 0 0
192 368 0 0 0
200 368 0 0 0
208 368 0 0 0
216 368 0 0 0
224 368 0 0 0
232 368 0 0 0
240 368 0 0 0
248 368 0 0 0
256 368 0 0 0
264 368 0 0 0
272 368 0 0 0
280 368 0 0 0
288 368 0 0 0
296 368 0 0 0
304 368 0 0 0
312 368 0 0 0
320 368 0 1 0
328 368 0 1 0
336 368 0 1 0
344 368 0 1 0
352 368 0 1 0
360 368 0 1 0
368 368 0 1 0
376 368 0 1 0
384 368 0 1 0
392 368 0 1 0
400 368 0 1 0
408 368 0 1 0
416 368 0 1 0
424 368 0 1 0
432 368 0 1 0
440 368 0 1 0
448 368 0 1 0
456 368 0 1 0
464 368 0 1 0
472 368 0 1 0
480 368 0 0 0
488 368 0 0 0
496 368 0 0 0
504 368 0 0 0
512 368 0 0 0
520 368 0 0 0
528 368 0 0 0
536 368 0 0 0
544 368 0 0 0
552 368 0 0 0
560 368 0 0 0
568 368 0 0 0
576 368 0 0 0
584 368 0 0 0
592 368 0 0 0
600 368 0 0 0
608 368 0 0 0
616 368 0 0 0
624 368 0 0 0
632 368 0 0 0
0 376 0 1 0
8 376 0 1 0
16 376 0 1 0
24 376 0 1 0
32 376 0 1 0
40 376 0 1 0
48 376 0 1 0
56 376 0 1 0
64 376 0 1 0
72 376 0 1 0
80 376 0 1 0
88 376 0 1 0
96 376 0 1 0
104 376 0 1 0
112 376 0 1 0
120 376 0 1 0
128 376 0 1 0
136 376 0 1 0
144 376 0 1 0
152 376 0 1 0
160 376 0 0 0
168 376 0 0 0
176 376 0 0 0
184 376 0 0 0
192 376 0 0 0
200 376 0 0 0
208 376 0 0 0
216 376 0 0 0
224 376 0 0 0
232 376 0 0 0
240 376 0 0 0
248 376 0 0 0
256 376 0 0 0
264 376 0 0 0
272 376 0 0 0
280 376 0 0 0
288 376 0 0 0
296 376 0 0 0
304 376 0 0 0
312 376 0 0 0
320 376 0 1 0
328 376 0 1 0
336 376 0 1 0
344 376 0 1 0
352 376 0 1 0
360 376 0 1 0
368 376 0 1 0
376 376 0 1 0
384 376 0 1 0
392 376 0 1 0
400 376 0 1 0
408 376 0 1 0
416 376 0 1 0
424 376 0 1 0
432 376 0 1 0
440 376 0 1 0
448 376 0 1 0
456 376 0 1 0
464 376 0 1 0
472 376 0 1 0
480 376 0 0 0
488 376 0 0 0
496 376 0 0 0
504 376 0 0 0
512 376 0 0 0
520 376 0 0 0
528 376 0 0 0
536 376 0 0 0
544 376 0 0 0
552 376 0 0 0
560 376 0 0 0
568 376 0 0 0
576 376 0 0 0
584 376 0 0 0
592 376 0 0 0
600 376 0 0 0
608 376 0 0 0
616 376 0 0 0
624 376 0 0 0
632 376 0 0 0
0 384 0 1 0
8 384 0 1 0
16 384 0 1 0
24 384 0 1 0
32 384 0 1 0
40 384 0 1 0
48 384 0 1 0
56 384 0 1 0
64 384 0 1 0
72 384 0 1 0
80 384 0 1 0
88 384 0 1 0
96 384 0 1 0
104 384 0 1 0
112 384 0 1 0
120 384 0 1 0
128 384 0 1 0
136 384 0 1 0
144 384 0 1 0
152 384 0 1 0
160 384 0 0 0
168 384 0 0 0
176 384 0 0 0
184 384 0 0 0
192 384 0 0 0
200 384 0 0 0
208 384 0 0 0
216 384 0 0 0
224 384 0 0 0
232 384 0 0 0
240 384 0 0 0
248 384 0 0 0
256 384 0 0 0
264 384 0 0 0
272 384 0 0 0
280 384 0 0 0
288 384 0 0 0
296 384 0 0 0
304 384 0 0 0
312 384 0 0 0
320 384 0 1 0
328 384 0 1 0
336 384 0 1 0
344 384 0 1 0
352 384 0 1 0
360 384 0 1 0
368 384 0 1 0
376 384 0 1 0
384 384 0 1 0
392 384 0 1 0
400 384 0 1 0
408 384 0 1 0
416 384 0 1 0
424 384 0 1 0
432 384 0 1 0
440 384 0 1 0
448 384 0 1 0
456 384 0 1 0
464 384 0 1 0
472 384 0 1 0
480 384 0 0 0
488 384 0 0 0
496 384 0 0 0
504 384 0 0 0
512 384 0 0 0
520 384 0 0 0
528 384 0 0 0
536 384 0 0 0
544 384 0 0 0
552 384 0 0 0
560 384 0 0 0
568 384 0 0 0
576 384 0 0 0
584 384 0 0 0
592 384 0 0 0
600 384 0 0 0
608 384 0 0 0
616 384 0 0 0
624 384 0 0 0
632 384 0 0 0
0 392 0 1 0
8 392 0 1 0
16 392 0 1 0
24 392 0 1 0
32 392 0 1 0
40 392 0 1 0
48 392 0 1 0
56 392 0 1 0
64 392 0 1 0
72 392 0 1 0
80 392 0 1 0
88 392 0 1 0
96 392 0 1 0
104 392 0 1 0
112 392 0 1 0
120 392 0 1 0
128 392 0 1 0
136 392 0 1 0
144 392 0 1 0
152 392 0 1 0
160 392 0 0 0
168 392 0 0 0
176 392 0 0 0
184 392 0 0 0
192 392 0 0 0
200 392 0 0 0
208 392 0 0 0
216 392 0 0 0
224 392 0 0 0
232 392 0 0 0
240 392 0 0 0
248 392 0 0 0
256 392 0 0 0
264 392 0 0 0
272 392 0 0 0
280 392 0 0 0
288 392 0 0 0
296 392 0 0 0
304 392 0 0 0
312 392 0 0 0
320 392 0 1 0
328 392 0 1 0
336 392 0 1 0
344 392 0 1 0
352 392 0 1 0
360 392 0 1 0
368 392 0 1 0
376 392 0 1 0
384 392 0 1 0
392 392 0 1 0
400 392 0 1 0
408 392 0 1 0
416 392 0 1 0
424 392 0 1 0
432 392 0 1 0
440 392 0 1 0
448 392 0 1 0
456 392 0 1 0
464 392 0 1 0
472 392 0 1 0
480 392 0 0 0
488 392 0 0 0
496 392 0 0 0
504 392 0 0 0
512 392 0 0 0
520 392 0 0 0
528 392 0 0 0
536 392 0 0 0
544 392 0 0 0
552 392 0 0 0
560 392 0 0 0
568 392 0 0 0
576 392 0 0 0
584 392 0 0 0
592 392 0 0 0
600 392 0 0 0
608 392 0 0 0
616 392 0 0 0
624 392 0 0 0
632 392 0 0 0
0 400 0 1 0
8 400 0 1 0
16 400 0 1 0
24 400 0 1 0
32 400 0 1 0
40 400 0 1 0
48 400 0 1 0
56 400 0 1 0
64 400 0 1 0
72 400 0 1 0
80 400 0 1 0
88 400 0 1 0
96 400 0 1 0
104 400 0 1 0
112 400 0 1 0
120 400 0 1 0
128 400 0 1 0
136 400 0 1 0
144 400 0 1 0
152 400 0 1 0
160 400 0 0 0
168 400 0 0 0
176 400 0 0 0
184 400 0 0 0
192 400 0 0 0
200 400 0 0 0
208 400 0 0 0
216 400 0 0 0
224 400 0 0 0
232 400 0 0 0
240 400 0 0 0
248 400 0 0 0
256 400 0 0 0
264 400 0 0 0
272 400 0 0 0
280 400 0 0 0
288 400 0 0 0
296 400 0 0 0
304 400 0 0 0
312 400 0 0 0
320 400 0 1 0
328 400 0 1 0
336 400 0 1 0
344 400 0 1 0
352 400 0 1 0
360 400 0 1 0
368 400 0 1 0
376 400 0 1 0
384 400 0 1 0
392 400 0 1 0
400 400 0 1 0
408 400 0 1 0
416 400 0 1 0
424 400 0 1 0
432 400 0 1 0
440 400 0 1 0
448 400 0 1 0
456 400 0 1 0
464 400 0 1 0
472 400 0 1 0
480 400 0 0 0
488 400 0 0 0
496 400 0 0 0
504 400 0 0 0
512 400 0 0 0
520 400 0 0 0
528 400 0 0 0
536 400 0 0 0
544 400 0 0 0
552 400 0 0 0
560 400 0 0 0
568 400 0 0 0
576 400 0 0 0
584 400 0 0 0
592 400 0 0 0
600 400 0 0 0
608 400 0 0 0
616 400 0 0 0
624 400 0 0 0
632 400 0 0 0
0 408 0 1 0
8 408 0 1 0
16 408 0 1 0
24 408 0 1 0
32 408 0 1 0
40 408 0 1 0
48 408 0 1 0
56 408 0 1 0
64 408 0 1 0
72 408 0 1 0
80 408 0 1 0
88 408 0 1 0
96 408 0 1 0
104 408 0 1 0
112 408 0 1 0
120 408 0 1 0
128 408 0 1 0
136 408 0 1 0
144 408 0 1 0
152 408 0 1 0
160 408 0 0 0
168 408 0 0 0
176 408 0 0 0
184 408 0 0 0
192 408 0 0 0
200 408 0 0 0
208 408 0 0 0
216 408 0 0 0
224 408 0 0 0
232 408 0 0 0
240 408 0 0 0
248 408 0 0 0
256 408 0 0 0
264 408 0 0 0
272 408 0 0 0
280 408 0 0 0
288 408 0 0 0
296 408 0 0 0
304 408 0 0 0
312 408 0 0 0
320 408 0 1 0
328 408 0 1 0
336 408 0 1 0
344 408 0 1 0
352 408 0 1 0
360 408 0 1 0
368 408 0 1 0
376 408 0 1 0
384 408 0 1 0
392 408 0 1 0
400 408 0 1 0
408 408 0 1 0
416 408 0 1 0
424 408 0 1 0
432 408 0 1 0
440 408 0 1 0
448 408 0 1 0
456 408 0 1 0
464 408 0 1 0
472 408 0 1 0
480 408 0 0 0
488 408 0 0 0
496 408 0 0 0
504 408 0 0 0
512 408 0 0 0
520 408 0 0 0
528 408 0 0 0
536 408 0 0 0
544 408 0 0 0
552 408 0 0 0
560 408 0 0 0
568 408 0 0 0
576 408 0 0 0
584 408 0 0 0
592 408 0 0 0
600 408 0 0 0
608 408 0 0 0
616 408 0 0 0
624 408 0 0 0
632 408 0 0 0
0 416 0 1 0
8 416 0 1 0
16 416 0 1 0
24 416 0 1 0
32 416 0 1 0
40 416 0 1 0
48 416 0 1 0
56 416 0 1 0
64 416 0 1 0
72 416 0 1 0
80 416 0 1 0
88 416 0 1 0
96 416 0 1 0
104 416 0 1 0
112 416 0 1 0
120 416 0 1 0
128 416 0 1 0
136 416 0 1 0
144 416 0 1 0
152 416 0 1 0
160 416 0 0 0
168 416 0 0 0
176 416 0 0 0
184 416 0 0 0
192 416 0 0 0
200 416 0 0 0
208 416 0 0 0
216 416 0 0 0
224 416 0 0 0
232 416 0 0 0
240 416 0 0 0
248 416 0 0 0
256 416 0 0 0
264 416 0 0 0
272 416 0 0 0
280 416 0 0 0
288 416 0 0 0
296 416 0 0 0
304 416 0 0 0
312 416 0 0 0
320 416 0 1 0
328 416 0 1 0
336 416 0 1 0
344 416 0 1 0
352 416 0 1 0
360 416 0 1 0
368 416 0 1 0
376 416 0 1 0
384 416 0 1 0
392 416 0 1 0
400 416 0 1 0
408 416 0 1 0
416 416 0 1 0
424 416 0 1 0
432 416 0 1 0
440 416 0 1 0
448 416 0 1 0
456 416 0 1 0
464 416 0 1 0
472 416 0 1 0
480 416 0 0 0
488 416 0 0 0
496 416 0 0 0
504 416 0 0 0
512 416 0 0 0
520 416 0 0 0
528 416 0 0 0
536 416 0 0 0
544 416 0 0 0
552 416 0 0 0
560 416 0 0 0
568 416 0 0 0
576 416 0 0 0
584 416 0 0 0
592 416 0 0 0
600 416 0 0 0
608 416 0 0 0
616 416 0 0 0
624 416 0 0 0
632 416 0 0 0
0 424 0 1 0
8 424 0 1 0
16 424 0 1 0
24 424 0 1 0
32 424 0 1 0
40 424 0 1 0
48 424 0 1 0
56 424 0 1 0
64 424 0 1 0
72 424 0 1 0
80 424 0 1 0
88 424 0 1 0
96 424 0 1 0
104 424 0 1 0
112 424 0 1 0
120 424 0 1 0
128 424 0 1 0
136 424 0 1 0
144 424 0 1 0
152 424 0 1 0
160 424 0 0 0
168 424 0 0 0
176 424 0 0 0
184 424 0 0 0
192 424 0 0 0
200 424 0 0 0
208 424 0 0 0
216 424 0 0 0
224 424 0 0 0
232 424 0 0 0
240 424 0 0 0
248 424 0 0 0
256 424 0 0 0
264 424 0 0 0
272 424 0 0 0
280 424 0 0 0
288 424 0 0 0
296 424 0 0 0
304 424 0 0 0
312 424 0 0 0
320 424 0 1 0
328 424 0 1 0
336 424 0 1 0
344 424 0 1 0
352 424 0 1 0
360 424 0 1 0
368 424 0 1 0
376 424 0 1 0
384 424 0 1 0
392 424 0 1 0
400 424 0 1 0
408 424 0 1 0
416 424 0 1 0
424 424 0 1 0
432 424 0 1 0
440 424 0 1 0
448 424 0 1 0
456 424 0 1 0
464 424 0 1 0
472 424 0 1 0
480 424 0 0 0
488 424 0 0 0
496 424 0 0 0
504 424 0 0 0
512 424 0 0 0
520 424 0 0 0
528 424 0 0 0
536 424 0 0 0
544 424 0 0 0
552 424 0 0 0
560 424 0 0 0
568 424 0 0 0
576 424 0 0 0
584 424 0 0 0
592 424 0 0 0
600 424 0 0 0
608 424 0 0 0
616 424 0 0 0
624 424 0 0 0
632 424 0 0 0
0 432 0 1 0
8 432 0 1 0
16 432 0 1 0
24 432 0 1 0
32 432 0 1 0
40 432 0 1 0
48 432 0 1 0
56 432 0 1 0
64 432 0 1 0
72 432 0 1 0
80 432 0 1 0
88 432 0 1 0
96 432 0 1 0
104 432 0 1 0
112 432 0 1 0
120 432 0 1 0
128 432 0 1 0
136 432 0 1 0
144 432 0 1 0
152 432 0 1 0
160 432 0 0 0
168 432 0 0 0
176 432 0 0 0
184 432 0 0 0
192 432 0 0 0
200 432 0 0 0
208 432 0 0 0
216 432 0 0 0
224 432 0 0 0
232 432 0 0 0
240 432 0 0 0
248 432 0 0 0
256 432 0 0 0
264 432 0 0 0
272 432 0 0 0
280 432 0 0 0
288 432 0 0 0
296 432 0 0 0
304 432 0 0 0
312 432 0 0 0
320 432 0 1 0
328 432 0 1 0
336 432 0 1 0
344 432 0 1 0
352 432 0 1 0
360 432 0 1 0
368 432 0 1 0
376 432 0 1 0
384 432 0 1 0
392 432 0 1 0
400 432 0 1 0
408 432 0 1 0
416 432 0 1 0
424 432 0 1 0
432 432 0 1 0
440 432 0 1 0
448 432 0 1 0
456 432 0 1 0
464 432 0 1 0
472 432 0 1 0
480 432 0 0 0
488 432 0 0 0
496 432 0 0 0
504 432 0 0 0
512 432 0 0 0
520 432 0 0 0
528 432 0 0 0
536 432 0 0 0
544 432 0 0 0
552 432 0 0 0
560 432 0 0 0
568 432 0 0 0
576 432 0 0 0
584 432 0 0 0
592 432 0 0 0
600 432 0 0 0
608 432 0 0 0
616 432 0 0 0
624 432 0 0 0
632 432 0 0 0
0 440 0 1 0
8 440 0 1 0
16 440 0 1 0
24 440 0 1 0
32 440 0 1 0
40 440 0 1 0
48 440 0 1 0
56 440 0 1 0
64 440 0 1 0
72 440 0 1 0
80 440 0 1 0
88 440 0 1 0
96 440 0 1 0
104 440 0 1 0
112 440 0 1 0
120 440 0 1 0
128 440 0 1 0
136 440 0 1 0
144 440 0 1 0
152 440 0 1 0
160 440 0 0 0
168 440 0 0 0
176 440 0 0 0
184 440 0 0 0
192 440 0 0 0
200 440 0 0 0
208 440 0 0 0
216 440 0 0 0
224 440 0 0 0
232 440 0 0 0
240 440 0 0 0
248 440 0 0 0
256 440 0 0 0
264 440 0 0 0
272 440 0 0 0
280 440 0 0 0
288 440 0 0 0
296 440 0 0 0
304 440 0 0 0
312 440 0 0 0
320 440 0 1 0
328 440 0 1 0
336 440 0 1 0
344 440 0 1 0
352 440 0 1 0
360 440 0 1 0
368 440 0 1 0
376 440 0 1 0
384 440 0 1 0
392 440 0 1 0
400 440 0 1 0
408 440 0 1 0
416 440 0 1 0
424 440 0 1 0
432 440 0 1 0
440 440 0 1 0
448 440 0 1 0
456 440 0 1 0
464 440 0 1 0
472 440 0 1 0
480 440 0 0 0
488 440 0 0 0
496 440 0 0 0
504 440 0 0 0
512 440 0 0 0
520 440 0 0 0
528 440 0 0 0
536 440 0 0 0
544 440 0 0 0
552 440 0 0 0
560 440 0 0 0
568 440 0 0 0
576 440 0 0 0
584 440 0 0 0
592 440 0 0 0
600 440 0 0 0
608 440 0 0 0
616 440 0 0 0
624 440 0 0 0
632 440 0 0 0
0 448 0 1 0
8 448 0 1 0
16 448 0 1 0
24 448 0 1 0
32 448 0 1 0
40 448 0 1 0
48 448 0 1 0
56 448 0 1 0
64 448 0 1 0
72 448 0 1 0
80 448 0 1 0
88 448 0 1 0
96 448 0 1 0
104 448 0 1 0
112 448 0 1 0
120 448 0 1 0
128 448 0 1 0
136 448 0 1 0
144 448 0 1 0
152 448 0 1 0
160 448 0 0 0
168 448 0 0 0
176 448 0 0 0
184 448 0 0 0
192 448 0 0 0
200 448 0 0 0
208 448 0 0 0
216 448 0 0 0
224 448 0 0 0
232 448 0 0 0
240 448 0 0 0
248 448 0 0 0
256 448 0 0 0
264 448 0 0 0
272 448 0 0 0
280 448 0 0 0
288 448 0 0 0
296 448 0 0 0
304 448 0 0 0
312 448 0 0 0
320 448 0 1 0
328 448 0 1 0
336 448 0 1 0
344 448 0 1 0
352 448 0 1 0
360 448 0 1 0
368 448 0 1 0
376 448 0 1 0
384 448 0 1 0
392 448 0 1 0
400 448 0 1 0
408 448 0 1 0
416 448 0 1 0
424 448 0 1 0
432 448 0 1 0
440 448 0 1 0
448 448 0 1 0
456 448 0 1 0
464 448 0 1 0
472 448 0 1 0
480 448 0 0 0
488 448 0 0 0
496 448 0 0 0
504 448 0 0 0
512 448 0 0 0
520 448 0 0 0
528 448 0 0 0
536 448 0 0 0
544 448 0 0 0
552 448 0 0 0
560 448 0 0 0
568 448 0 0 0
576 448 0 0 0
584 448 0 0 0
592 448 0 0 0
600 448 0 0 0
608 448 0 0 0
616 448 0 0 0
624 448 0 0 0
632 448 0 0 0
0 456 0 1 0
8 456 0 1 0
16 456 0 1 0
24 456 0 1 0
32 456 0 1 0
40 456 0 1 0
48 456 0 1 0
56 456 0 1 0
64 456 0 1 0
72 456 0 1 0
80 456 0 1 0
88 456 0 1 0
96 456 0 1 0
104 456 0 1 0
112 456 0 1 0
120 456 0 1 0
128 456 0 1 0
136 456 0 1 0
144 456 0 1 0
152 456 0 1 0
160 456 0 0 0
168 456 0 0 0
176 456 0 0 0
184 456 0 0 0
192 456 0 0 0
200 456 0 0 0
208 456 0 0 0
216 456 0 0 0
224 456 0 0 0
232 456 0 0 0
240 456 0 0 0
248 456 0 0 0
256 456 0 0 0
264 456 0 0 0
272 456 0 0 0
280 456 0 0 0
288 456 0 0 0
296 456 0 0 0
304 456 0 0 0
312 456 0 0 0
320 456 0 1 0
328 456 0 1 0
336 456 0 1 0
344 456 0 1 0
352 456 0 1 0
360 456 0 1 0
368 456 0 1 0
376 456 0 1 0
384 456 0 1 0
392 456 0 1 0
400 456 0 1 0
408 456 0 1 0
416 456 0 1 0
424 456 0 1 0
432 456 0 1 0
440 456 0 1 0
448 456 0 1 0
456 456 0 1 0
464 456 0 1 0
472 456 0 1 0
480 456 0 0 0
488 456 0 0 0
496 456 0 0 0
504 456 0 0 0
512 456 0 0 0
520 456 0 0 0
528 456 0 0 0
536 456 0 0 0
544 456 0 0 0
552 456 0 0 0
560 456 0 0 0
568 456 0 0 0
576 456 0 0 0
584 456 0 0 0
592 456 0 0 0
600 456 0 0 0
608 456 0 0 0
616 456 0 0 0
624 456 0 0 0
632 456 0 0 0
0 464 0 1 0
8 464 0 1 0
16 464 0 1 0
24 464 0 1 0
32 464 0 1 0
40 464 0 1 0
48 464 0 1 0
56 464 0 1 0
64 464 0 1 0
72 464 0 1 0
80 464 0 1 0
88 464 0 1 0
96 464 0 1 0
104 464 0 1 0
112 464 0 1 0
120 464 0 1 0
128 464 0 1 0
136 464 0 1 0
144 464 0 1 0
152 464 0 1 0
160 464 0 0 0
168 464 0 0 0
176 464 0 0 0
184 464 0 0 0
192 464 0 0 0
200 464 0 0 0
208 464 0 0 0
216 464 0 0 0
224 464 0 0 0
232 464 0 0 0
240 464 0 0 0
248 464 0 0 0
256 464 0 0 0
264 464 0 0 0
272 464 0 0 0
280 464 0 0 0
288 464 0 0 0
296 464 0 0 0
304 464 0 0 0
312 464 0 0 0
320 464 0 1 0
328 464 0 1 0
336 464 0 1 0
344 464 0 1 0
352 464 0 1 0
360 464 0 1 0
368 464 0 1 0
376 464 0 1 0
384 464 0 1 0
392 464 0 1 0
400 464 0 1 0
408 464 0 1 0
416 464 0 1 0
424 464 0 1 0
432 464 0 1 0
440 464 0 1 0
448 464 0 1 0
456 464 0 1 0
464 464 0 1 0
472 464 0 1 0
480 464 0 0 0
488 464 0 0 0
496 464 0 0 0
504 464 0 0 0
512 464 0 0 0
520 464 0 0 0
528 464 0 0 0
536 464 0 0 0
544 464 0 0 0
552 464 0 0 0
560 464 0 0 0
568 464 0 0 0
576 464 0 0 0
584 464 0 0 0
592 464 0 0 0
600 464 0 0 0
608 464 0 0 0
616 464 0 0 0
624 464 0 0 0
632 464 0 0 0
0 472 0 1 0
8 472 0 1 0
16 472 0 1 0
24 472 0 1 0
32 472 0 1 0
40 472 0 1 0
48 472 0 1 0
56 472 0 1 0
64 472 0 1 0
72 472 0 1 0
80 472 0 1 0
88 472 0 1 0
96 472 0 1 0
104 472 0 1 0
112 472 0 1 0
120 472 0 1 0
128 472 0 1 0
136 472 0 1 0
144 472 0 1 0
152 472 0 1 0
160 472 0 0 0
168 472 0 0 0
176 472 0 0 0
184 472 0 0 0
192 472 0 0 0
200 472 0 0 0
208 472 0 0 0
216 472 0 0 0
224 472 0 0 0
232 472 0 0 0
240 472 0 0 0
248 472 0 0 0
256 472 0 0 0
264 472 0 0 0
272 472 0 0 0
280 472 0 0 0
288 472 0 0 0
296 472 0 0 0
304 472 0 0 0
312 472 0 0 0
320 472 0 1 0
328 472 0 1 0
336 472 0 1 0
344 472 0 1 0
352 472 0 1 0
360 472 0 1 0
368 472 0 1 0
376 472 0 1 0
384 472 0 1 0
392 472 0 1 0
400 472 0 1 0
408 472 0 1 0
416 472 0 1 0
424 472 0 1 0
432 472 0 1 0
440 472 0 1 0
448 472 0 1 0
456 472 0 1 0
464 472 0 1 0
472 472 0 1 0
480 472 0 0 0
488 472 0 0 0
496 472 0 0 0
504 472 0 0 0
512 472 0 0 0
520 472 0 0 0
528 472 0 0 0
536 472 0 0 0
544 472 0 0 0
552 472 0 0 0
560 472 0 0 0
568 472 0 0 0
576 472 0 0 0
584 472 0 0 0
592 472 0 0 0
600 472 0 0 0
608 472 0 0 0
616 472 0 0 0
624 472 0 0 0
632 472 0 0 0
0 480 0 0 0
8 480 0 0 0
16 480 0 0 0
24 480 0 0 0
32 480 0 0 0
40 480 0 0 0
48 480 0 0 0
56 480 0 0 0
64 480 0 0 0
72 480 0 0 0
80 480 0 0 0
88 480 0 0 0
96 480 0 0 0
104 480 0 0 0
112 480 0 0 0
120 480 0 0 0
128 480 0 0 0
136 480 0 0 0
144 480 0 0 0
152 480 0 0 0
160 480 0 1 0
168 480 0 1 0
176 480 0 1 0
184 480 0 1 0
192 480 0 1 0
200 480 0 1 0
208 480 0 1 0
216 480 0 1 0
224 480 0 1 0
232 480 0 1 0
240 480 0 1 0
248 480 0 1 0
256 480 0 1 0
264 480 0 1 0
272 480 0 1 0
280 480 0 1 0
288 480 0 1 0
296 480 0 1 0
304 480 0 1 0
312 480 0 1 0
320 480 0 0 0
328 480 0 0 0
336 480 0 0 0
344 480 0 0 0
352 480 0 0 0
360 480 0 0 0
368 480 0 0 0
376 480 0 0 0
384 480 0 0 0
392 480 0 0 0
400 480 0 0 0
408 480 0 0 0
416 480 0 0 0
424 480 0 0 0
432 480 0 0 0
440 480 0 0 0
448 480 0 0 0
456 480 0 0 0
464 480 0 0 0
472 480 0 0 0
480 480 0 1 0
488 480 0 1 0
496 480 0 1 0
504 480 0 1 0
512 480 0 1 0
520 480 0 1 0
528 480 0 1 0
536 480 0 1 0
544 480 0 1 0
552 480 0 1 0
560 480 0 1 0
568 480 0 1 0
576 480 0 1 0
584 480 0 1 0
592 480 0 1 0
600 480 0 1 0
608 480 0 1 0
616 480 0 1 0
624 480 0 1 0
632 480 0 1 0
0 488 0 0 0
8 488 0 0 0
16 488 0 0 0
24 488 0 0 0
32 488 0 0 0
40 488 0 0 0
48 488 0 0 0
56 488 0 0 0
64 488 0 0 0
72 488 0 0 0
80 488 0 0 0
88 488 0 0 0
96 488 0 0 0
104 488 0 0 0
112 488 0 0 0
120 488 0 0 0
128 488 0 0 0
136 488 0 0 0
144 488 0 0 0
152 488 0 0 0
160 488 0 1 0
168 488 0 1 0
176 488 0 1 0
184 488 0 1 0
192 488 0 1 0
200 488 0 1 0
208 488 0 1 0
216 488 0 1 0
224 488 0 1 0
232 488 0 1 0
240 488 0 1 0
248 488 0 1 0
256 488 0 1 0
264 488 0 1 0
272 488 0 1 0
280 488 0 1 0
288 488 0 1 0
296 488 0 1 0
304 488 0 1 0
312 488 0 1 0
320 488 0 0 0
328 488 0 0 0
336 488 0 0 0
344 488 0 0 0
352 488 0 0 0
360 488 0 0 0
368 488 0 0 0
376 488 0 0 0
384 488 0 0 0
392 488 0 0 0
400 488 0 0 0
408 488 0 0 0
416 488 0 0 0
424 488 0 0 0
432 488 0 0 0
440 488 0 0 0
448 488 0 0 0
456 488 0 0 0
464 488 0 0 0
472 488 0 0 0
480 488 0 1 0
488 488 0 1 0
496 488 0 1 0
504 488 0 1 0
512 488 0 1 0
520 488 0 1 0
528 488 0 1 0
536 488 0 1 0
544 488 0 1 0
552 488 0 1 0
560 488 0 1 0
568 488 0 1 0
576 488 0 1 0
584 488 0 1 0
592 488 0 1 0
600 488 0 1 0
608 488 0 1 0
616 488 0 1 0
624 488 0 1 0
632 488 0 1 0
0 496 0 0 0
8 496 0 0 0
16 496 0 0 0
24 496 0 0 0
32 496 0 0 0
40 496 0 0 0
48 496 0 0 0
56 496 0 0 0
64 496 0 0 0
72 496 0 0 0
80 496 0 0 0
88 496 0 0 0
96 496 0 0 0
104 496 0 0 0
112 496 0 0 0
120 496 0 0 0
128 496 0 0 0
136 496 0 0 0
144 496 0 0 0
152 496 0 0 0
160 496 0 1 0
168 496 0 1 0
176 496 0 1 0
184 496 0 1 0
192 496 0 1 0
200 496 0 1 0
208 496 0 1 0
216 496 0 1 0
224 496 0 1 0
232 496 0 1 0
240 496 0 1 0
248 496 0 1 0
256 496 0 1 0
264 496 0 1 0
272 496 0 1 0
280 496 0 1 0
288 496 0 1 0
296 496 0 1 0
304 496 0 1 0
312 496 0 1 0
320 496 0 0 0
328 496 0 0 0
336 496 0 0 0
344 496 0 0 0
352 496 0 0 0
360 496 0 0 0
368 496 0 0 0
376 496 0 0 0
384 496 0 0 0
392 496 0 0 0
400 496 0 0 0
408 496 0 0 0
416 496 0 0 0
424 496 0 0 0
432 496 0 0 0
440 496 0 0 0
448 496 0 0 0
456 496 0 0 0
464 496 0 0 0
472 496 0 0 0
480 496 0 1 0
488 496 0 1 0
496 496 0 1 0
504 496 0 1 0
512 496 0 1 0
520 496 0 1 0
528 496 0 1 0
536 496 0 1 0
544 496 0 1 0
552 496 0 1 0
560 496 0 1 0
568 496 0 1 0
576 496 0 1 0
584 496 0 1 0
592 496 0 1 0
600 496 0 1 0
608 496 0 1 0
616 496 0 1 0
624 496 0 1 0
632 496 0 1 0
0 504 0 0 0
8 504 0 0 0
16 504 0 0 0
24 504 0 0 0
32 504 0 0 0
40 504 0 0 0
48 504 0 0 0
56 504 0 0 0
64 504 0 0 0
72 504 0 0 0
80 504 0 0 0
88 504 0 0 0
96 504 0 0 0
104 504 0 0 0
112 504 0 0 0
120 504 0 0 0
128 504 0 0 0
136 504 0 0 0
144 504 0 0 0
152 504 0 0 0
160 504 0 1 0
168 504 0 1 0
176 504 0 1 0
184 504 0 1 0
192 504 0 1 0
200 504 0 1 0
208 504 0 1 0
216 504 0 1 0
224 504 0 1 0
232 504 0 1 0
240 504 0 1 0
248 504 0 1 0
256 504 0 1 0
264 504 0 1 0
272 504 0 1 0
280 504 0 1 0
288 504 0 1 0
296 504 0 1 0
304 504 0 1 0
312 504 0 1 0
320 504 0 0 0
328 504 0 0 0
336 504 0 0 0
344 504 0 0 0
352 504 0 0 0
360 504 0 0 0
368 504 0 0 0
376 504 0 0 0
384 504 0 0 0
392 504 0 0 0
400 504 0 0 0
408 504 0 0 0
416 504 0 0 0
424 504 0 0 0
432 504 0 0 0
440 504 0 0 0
448 504 0 0 0
456 504 0 0 0
464 504 0 0 0
472 504 0 0 0
480 504 0 1 0
488 504 0 1 0
496 504 0 1 0
504 504 0 1 0
512 504 0 1 0
520 504 0 1 0
528 504 0 1 0
536 504 0 1 0
544 504 0 1 0
552 504 0 1 0
560 504 0 1 0
568 504 0 1 0
576 504 0 1 0
584 504 0 1 0
592 504 0 1 0
600 504 0 1 0
608 504 0 1 0
616 504 0 1 0
624 504 0 1 0
632 504 0 1 0
0 512 0 0 0
8 512 0 0 0
16 512 0 0 0
24 512 0 0 0
32 512 0 0 0
40 512 0 0 0
48 512 0 0 0
56 512 0 0 0
64 512 0 0 0
72 512 0 0 0
80 512 0 0 0
88 512 0 0 0
96 512 0 0 0
104 512 0 0 0
112 512 0 0 0
120 512 0 0 0
128 512 0 0 0
136 512 0 0 0
144 512 0 0 0
152 512 0 0 0
160 512 0 1 0
168 512 0 1 0
176 512 0 1 0
184 512 0 1 0
192 512 0 1 0
200 512 0 1 0
208 512 0 1 0
216 512 0 1 0
224 512 0 1 0
232 512 0 1 0
240 512 0 1 0
248 512 0 1 0
256 512 0 1 0
264 512 0 1 0
272 512 0 1 0
280 512 0 1 0
288 512 0 1 0
296 512 0 1 0
304 512 0 1 0
312 512 0 1 0
320 512 0 0 0
328 512 0 0 0
336 512 0 0 0
344 512 0 0 0
352 512 0 0 0
360 512 0 0 0
368 512 0 0 0
376 512 0 0 0
384 512 0 0 0
392 512 0 0 0
400 512 0 0 0
408 512 0 0 0
416 512 0 0 0
424 512 0 0 0
432 512 0 0 0
440 512 0 0 0
448 512 0 0 0
456 512 0 0 0
464 512 0 0 0
472 512 0 0 0
480 512 0 1 0
488 512 0 1 0
496 512 0 1 0
504 512 0 1 0
512 512 0 1 0
520 512 0 1 0
528 512 0 1 0
536 512 0 1 0
544 512 0 1 0
552 512 0 1 0
560 512 0 1 0
568 512 0 1 0
576 512 0 1 0
584 512 0 1 0
592 512 0 1 0
600 512 0 1 0
608 512 0 1 0
616 512 0 1 0
624 512 0 1 0
632 512 0 1 0
0 520 0 0 0
8 520 0 0 0
16 520 0 0 0
24 520 0 0 0
32 520 0 0 0
40 520 0 0 0
48 520 0 0 0
56 520 0 0 0
64 520 0 0 0
72 520 0 0 0
80 520 0 0 0
88 520 0 0 0
96 520 0 0 0
104 520 0 0 0
112 520 0 0 0
120 520 0 0 0
128 520 0 0 0
136 520 0 0 0
144 520 0 0 0
152 520 0 0 0
160 520 0 1 0
168 520 0 1 0
176 520 0 1 0
184 520 0 1 0
192 520 0 1 0
200 520 0 1 0
208 520 0 1 0
216 520 0 1 0
224 520 0 1 0
232 520 0 1 0
240 520 0 1 0
248 520 0 1 0
256 520 0 1 0
264 520 0 1 0
272 520 0 1 0
280 520 0 1 0
288 520 0 1 0
296 520 0 1 0
304 520 0 1 0
312 520 0 1 0
320 520 0 0 0
328 520 0 0 0
336 520 0 0 0
344 520 0 0 0
352 520 0 0 0
360 520 0 0 0
368 520 0 0 0
376 520 0 0 0
384 520 0 0 0
392 520 0 0 0
400 520 0 0 0
408 520 0 0 0
416 520 0 0 0
424 520 0 0 0
432 520 0 0 0
440 520 0 0 0
448 520 0 0 0
456 520 0 0 0
464 520 0 0 0
472 520 0 0 0
480 520 0 1 0
488 520 0 1 0
496 520 0 1 0
504 520 0 1 0
512 520 0 1 0
520 520 0 1 0
528 520 0 1 0
536 520 0 1 0
544 520 0 1 0
552 520 0 1 0
560 520 0 1 0
568 520 0 1 0
576 520 0 1 0
584 520 0 1 0
592 520 0 1 0
600 520 0 1 0
608 520 0 1 0
616 520 0 1 0
624 520 0 1 0
632 520 0 1 0
0 528 0 0 0
8 528 0 0 0
16 528 0 0 0
24 528 0 0 0
32 528 0 0 0
40 528 0 0 0
48 528 0 0 0
56 528 0 0 0
64 528 0 0 0
72 528 0 0 0
80 528 0 0 0
88 528 0 0 0
96 528 0 0 0
104 528 0 0 0
112 528 0 0 0
120 528 0 0 0
128 528 0 0 0
136 528 0 0 0
144 528 0 0 0
152 528 0 0 0
160 528 0 1 0
168 528 0 1 0
176 528 0 1 0
184 528 0 1 0
192 528 0 1 0
200 528 0 1 0
208 528 0 1 0
216 528 0 1 0
224 528 0 1 0
232 528 0 1 0
240 528 0 1 0
248 528 0 1 0
256 528 0 1 0
264 528 0 1 0
272 528 0 1 0
280 528 0 1 0
288 528 0 1 0
296 528 0 1 0
304 528 0 1 0
312 528 0 1 0
320 528 0 0 0
328 528 0 0 0
336 528 0 0 0
344 528 0 0 0
352 528 0 0 0
360 528 0 0 0
368 528 0 0 0
376 528 0 0 0
384 528 0 0 0
392 528 0 0 0
400 528 0 0 0
408 528 0 0 0
416 528 0 0 0
424 528 0 0 0
432 528 0 0 0
440 528 0 0 0
448 528 0 0 0
456 528 0 0 0
464 528 0 0 0
472 528 0 0 0
480 528 0 1 0
488 528 0 1 0
496 528 0 1 0
504 528 0 1 0
512 528 0 1 0
520 528 0 1 0
528 528 0 1 0
536 528 0 1 0
544 528 0 1 0
552 528 0 1 0
560 528 0 1 0
568 528 0 1 0
576 528 0 1 0
584 528 0 1 0
592 528 0 1 0
600 528 0 1 0
608 528 0 1 0
616 528 0 1 0
624 528 0 1 0
632 528 0 1 0
0 536 0 0 0
8 536 0 0 0
16 536 0 0 0
24 536 0 0 0
32 536 0 0 0
40 536 0 0 0
48 536 0 0 0
56 536 0 0 0
64 536 0 0 0
72 536 0 0 0
80 536 0 0 0
88 536 0 0 0
96 536 0 0 0
104 536 0 0 0
112 536 0 0 0
120 536 0 0 0
128 536 0 0 0
136 536 0 0 0
144 536 0 0 0
152 536 0 0 0
160 536 0 1 0
168 536 0 1 0
176 536 0 1 0
184 536 0 1 0
192 536 0 1 0
200 536 0 1 0
208 536 0 1 0
216 536 0 1 0
224 536 0 1 0
232 536 0 1 0
240 536 0 1 0
248 536 0 1 0
256 536 0 1 0
264 536 0 1 0
272 536 0 1 0
280 536 0 1 0
288 536 0 1 0
296 536 0 1 0
304 536 0 1 0
312 536 0 1 0
320 536 0 0 0
328 536 0 0 0
336 536 0 0 0
344 536 0 0 0
352 536 0 0 0
360 536 0 0 0
368 536 0 0 0
376 536 0 0 0
384 536 0 0 0
392 536 0 0 0
400 536 0 0 0
408 536 0 0 0
416 536 0 0 0
424 536 0 0 0
432 536 0 0 0
440 536 0 0 0
448 536 0 0 0
456 536 0 0 0
464 536 0 0 0
472 536 0 0 0
480 536 0 1 0
488 536 0 1 0
496 536 0 1 0
504 536 0 1 0
512 536 0 1 0
520 536 0 1 0
528 536 0 1 0
536 536 0 1 0
544 536 0 1 0
552 536 0 1 0
560 536 0 1 0
568 536 0 1 0
576 536 0 1 0
584 536 0 1 0
592 536 0 1 0
600 536 0 1 0
608 536 0 1 0
616 536 0 1 0
624 536 0 1 0
632 536 0 1 0
0 544 0 0 0
8 544 0 0 0
16 544 0 0 0
24 544 0 0 0
32 544 0 0 0
40 544 0 0 0
48 544 0 0 0
56 544 0 0 0
64 544 0 0 0
72 544 0 0 0
80 544 0 0 0
88 544 0 0 0
96 544 0 0 0
104 544 0 0 0
112 544 0 0 0
120 544 0 0 0
128 544 0 0 0
136 544 0 0 0
144 544 0 0 0
152 544 0 0 0
160 544 0 1 0
168 544 0 1 0
176 544 0 1 0
184 544 0 1 0
192 544 0 1 0
200 544 0 1 0
208 544 0 1 0
216 544 0 1 0
224 544 0 1 0
232 544 0 1 0
240 544 0 1 0
248 544 0 1 0
256 544 0 1 0
264 544 0 1 0
272 544 0 1 0
280 544 0 1 0
288 544 0 1 0
296 544 0 1 0
304 544 0 1 0
312 544 0 1 0
320 544 0 0 0
328 544 0 0 0
336 544 0 0 0
344 544 0 0 0
352 544 0 0 0
360 544 0 0 0
368 544 0 0 0
376 544 0 0 0
384 544 0 0 0
392 544 0 0 0
400 544 0 0 0
408 544 0 0 0
416 544 0 0 0
424 544 0 0 0
432 544 0 0 0
440 544 0 0 0
448 544 0 0 0
456 544 0 0 0
464 544 0 0 0
472 544 0 0 0
480 544 0 1 0
488 544 0 1 0
496 544 0 1 0
504 544 0 1 0
512 544 0 1 0
520 544 0 1 0
528 544 0 1 0
536 544 0 1 0
544 544 0 1 0
552 544 0 1 0
560 544 0 1 0
568 544 0 1 0
576 544 0 1 0
584 544 0 1 0
592 544 0 1 0
600 544 0 1 0
608 544 0 1 0
616 544 0 1 0
624 544 0 1 0
632 544 0 1 0
0 552 0 0 0
8 552 0 0 0
16 552 0 0 0
24 552 0 0 0
32 552 0 0 0
40 552 0 0 0
48 552 0 0 0
56 552 0 0 0
64 552 0 0 0
72 552 0 0 0
80 552 0 0 0
88 552 0 0 0
96 552 0 0 0
104 552 0 0 0
112 552 0 0 0
120 552 0 0 0
128 552 0 0 0
136 552 0 0 0
144 552 0 0 0
152 552 0 0 0
160 552 0 1 0
168 552 0 1 0
176 552 0 1 0
184 552 0 1 0
192 552 0 1 0
200 552 0 1 0
208 552 0 1 0
216 552 0 1 0
224 552 0 1 0
232 552 0 1 0
240 552 0 1 0
248 552 0 1 0
256 552 0 1 0
264 552 0 1 0
272 552 0 1 0
280 552 0 1 0
288 552 0 1 0
296 552 0 1 0
304 552 0 1 0
312 552 0 1 0
320 552 0 0 0
328 552 0 0 0
336 552 0 0 0
344 552 0 0 0
352 552 0 0 0
360 552 0 0 0
368 552 0 0 0
376 552 0 0 0
384 552 0 0 0
392 552 0 0 0
400 552 0 0 0
408 552 0 0 0
416 552 0 0 0
424 552 0 0 0
432 552 0 0 0
440 552 0 0 0
448 552 0 0 0
456 552 0 0 0
464 552 0 0 0
472 552 0 0 0
480 552 0 1 0
488 552 0 1 0
496 552 0 1 0
504 552 0 1 0
512 552 0 1 0
520 552 0 1 0
528 552 0 1 0
536 552 0 1 0
544 552 0 1 0
552 552 0 1 0
560 552 0 1 0
568 552 0 1 0
576 552 0 1 0
584 552 0 1 0
592 552 0 1 0
600 552 0 1 0
608 552 0 1 0
616 552 0 1 0
624 552 0 1 0
632 552 0 1 0
0 560 0 0 0
8 560 0 0 0
16 560 0 0 0
24 560 0 0 0
32 560 0 0 0
40 560 0 0 0
48 560 0 0 0
56 560 0 0 0
64 560 0 0 0
72 560 0 0 0
80 560 0 0 0
88 560 0 0 0
96 560 0 0 0
104 560 0 0 0
112 560 0 0 0
120 560 0 0 0
128 560 0 0 0
136 560 0 0 0
144 560 0 0 0
152 560 0 0 0
160 560 0 1 0
168 560 0 1 0
176 560 0 1 0
184 560 0 1 0
192 560 0 1 0
200 560 0 1 0
208 560 0 1 0
216 560 0 1 0
224 560 0 1 0
232 560 0 1 0
240 560 0 1 0
248 560 0 1 0
256 560 0 1 0
264 560 0 1 0
272 560 0 1 0
280 560 0 1 0
288 560 0 1 0
296 560 0 1 0
304 560 0 1 0
312 560 0 1 0
320 560 0 0 0
328 560 0 0 0
336 560 0 0 0
344 560 0 0 0
352 560 0 0 0
360 560 0 0 0
368 560 0 0 0
376 560 0 0 0
384 560 0 0 0
392 560 0 0 0
400 560 0 0 0
408 560 0 0 0
416 560 0 0 0
424 560 0 0 0
432 560 0 0 0
440 560 0 0 0
448 560 0 0 0
456 560 0 0 0
464 560 0 0 0
472 560 0 0 0
480 560 0 1 0
488 560 0 1 0
496 560 0 1 0
504 560 0 1 0
512 560 0 1 0
520 560 0 1 0
528 560 0 1 0
536 560 0 1 0
544 560 0 1 0
552 560 0 1 0
560 560 0 1 0
568 560 0 1 0
576 560 0 1 0
584 560 0 1 0
592 560 0 1 0
600 560 0 1 0
608 560 0 1 0
616 560 0 1 0
624 560 0 1 0
632 560 0 1 0
0 568 0 0 0
8 568 0 0 0
16 568 0 0 0
24 568 0 0 0
32 568 0 0 0
40 568 0 0 0
48 568 0 0 0
56 568 0 0 0
64 568 0 0 0
72 568 0 0 0
80 568 0 0 0
88 568 0 0 0
96 568 0 0 0
104 568 0 0 0
112 568 0 0 0
120 568 0 0 0
128 568 0 0 0
136 568 0 0 0
144 568 0 0 0
152 568 0 0 0
160 568 0 1 0
168 568 0 1 0
176 568 0 1 0
184 568 0 1 0
192 568 0 1 0
200 568 0 1 0
208 568 0 1 0
216 568 0 1 0
224 568 0 1 0
232 568 0 1 0
240 568 0 1 0
248 568 0 1 0
256 568 0 1 0
264 568 0 1 0
272 568 0 1 0
280 568 0 1 0
288 568 0 1 0
296 568 0 1 0
304 568 0 1 0
312 568 0 1 0
320 568 0 0 0
328 568 0 0 0
336 568 0 0 0
344 568 0 0 0
352 568 0 0 0
360 568 0 0 0
368 568 0 0 0
376 568 0 0 0
384 568 0 0 0
392 568 0 0 0
400 568 0 0 0
408 568 0 0 0
416 568 0 0 0
424 568 0 0 0
432 568 0 0 0
440 568 0 0 0
448 568 0 0 0
456 568 0 0 0
464 568 0 0 0
472 568 0 0 0
480 568 0 1 0
488 568 0 1 0
496 568 0 1 0
504 568 0 1 0
512 568 0 1 0
520 568 0 1 0
528 568 0 1 0
536 568 0 1 0
544 568 0 1 0
552 568 0 1 0
560 568 0 1 0
568 568 0 1 0
576 568 0 1 0
584 568 0 1 0
592 568 0 1 0
600 568 0 1 0
608 568 0 1 0
616 568 0 1 0
624 568 0 1 0
632 568 0 1 0
0 576 0 0 0
8 576 0 0 0
16 576 0 0 0
24 576 0 0 0
32 576 0 0 0
40 576 0 0 0
48 576 0 0 0
56 576 0 0 0
64 576 0 0 0
72 576 0 0 0
80 576 0 0 0
88 576 0 0 0
96 576 0 0 0
104 576 0 0 0
112 576 0 0 0
120 576 0 0 0
128 576 0 0 0
136 576 0 0 0
144 576 0 0 0
152 576 0 0 0
160 576 0 1 0
168 576 0 1 0
176 576 0 1 0
184 576 0 1 0
192 576 0 1 0
200 576 0 1 0
208 576 0 1 0
216 576 0 1 0
224 576 0 1 0
232 576 0 1 0
240 576 0 1 0
248 576 0 1 0
256 576 0 1 0
264 576 0 1 0
272 576 0 1 0
280 576 0 1 0
288 576 0 1 0
296 576 0 1 0
304 576 0 1 0
312 576 0 1 0
320 576 0 0 0
328 576 0 0 0
336 576 0 0 0
344 576 0 0 0
352 576 0 0 0
360 576 0 0 0
368 576 0 0 0
376 576 0 0 0
384 576 0 0 0
392 576 0 0 0
400 576 0 0 0
408 576 0 0 0
416 576 0 0 0
424 576 0 0 0
432 576 0 0 0
440 576 0 0 0
448 576 0 0 0
456 576 0 0 0
464 576 0 0 0
472 576 0 0 0
480 576 0 1 0
488 576 0 1 0
496 576 0 1 0
504 576 0 1 0
512 576 0 1 0
520 576 0 1 0
528 576 0 1 0
536 576 0 1 0
544 576 0 1 0
552 576 0 1 0
560 576 0 1 0
568 576 0 1 0
576 576 0 1 0
584 576 0 1 0
592 576 0 1 0
600 576 0 1 0
608 576 0 1 0
616 576 0 1 0
624 576 0 1 0
632 576 0 1 0
0 584 0 0 0
8 584 0 0 0
16 584 0 0 0
24 584 0 0 0
32 584 0 0 0
40 584 0 0 0
48 584 0 0 0
56 584 0 0 0
64 584 0 0 0
72 584 0 0 0
80 584 0 0 0
88 584 0 0 0
96 584 0 0 0
104 584 0 0 0
112 584 0 0 0
120 584 0 0 0
128 584 0 0 0
136 584 0 0 0
144 584 0 0 0
152 584 0 0 0
160 584 0 1 0
168 584 0 1 0
176 584 0 1 0
184 584 0 1 0
192 584 0 1 0
200 584 0 1 0
208 584 0 1 0
216 584 0 1 0
224 584 0 1 0
232 584 0 1 0
240 584 0 1 0
248 584 0 1 0
256 584 0 1 0
264 584 0 1 0
272 584 0 1 0
280 584 0 1 0
288 584 0 1 0
296 584 0 1 0
304 584 0 1 0
312 584 0 1 0
320 584 0 0 0
328 584 0 0 0
336 584 0 0 0
344 584 0 0 0
352 584 0 0 0
360 584 0 0 0
368 584 0 0 0
376 584 0 0 0
384 584 0 0 0
392 584 0 0 0
400 584 0 0 0
408 584 0 0 0
416 584 0 0 0
424 584 0 0 0
432 584 0 0 0
440 584 0 0 0
448 584 0 0 0
456 584 0 0 0
464 584 0 0 0
472 584 0 0 0
480 584 0 1 0
488 584 0 1 0
496 584 0 1 0
504 584 0 1 0
512 584 0 1 0
520 584 0 1 0
528 584 0 1 0
536 584 0 1 0
544 584 0 1 0
552 584 0 1 0
560 584 0 1 0
568 584 0 1 0
576 584 0 1 0
584 584 0 1 0
592 584 0 1 0
600 584 0 1 0
608 584 0 1 0
616 584 0 1 0
624 584 0 1 0
632 584 0 1 0
0 592 0 0 0
8 592 0 0 0
16 592 0 0 0
24 592 0 0 0
32 592 0 0 0
40 592 0 0 0
48 592 0 0 0
56 592 0 0 0
64 592 0 0 0
72 592 0 0 0
80 592 0 0 0
88 592 0 0 0
96 592 0 0 0
104 592 0 0 0
112 592 0 0 0
120 592 0 0 0
128 592 0 0 0
136 592 0 0 0
144 592 0 0 0
152 592 0 0 0
160 592 0 1 0
168 592 0 1 0
176 592 0 1 0
184 592 0 1 0
192 592 0 1 0
200 592 0 1 0
208 592 0 1 0
216 592 0 1 0
224 592 0 1 0
232 592 0 1 0
240 592 0 1 0
248 592 0 1 0
256 592 0 1 0
264 592 0 1 0
272 592 0 1 0
280 592 0 1 0
288 592 0 1 0
296 592 0 1 0
304 592 0 1 0
312 592 0 1 0
320 592 0 0 0
328 592 0 0 0
336 592 0 0 0
344 592 0 0 0
352 592 0 0 0
360 592 0 0 0
368 592 0 0 0
376 592 0 0 0
384 592 0 0 0
392 592 0 0 0
400 592 0 0 0
408 592 0 0 0
416 592 0 0 0
424 592 0 0 0
432 592 0 0 0
440 592 0 0 0
448 592 0 0 0
456 592 0 0 0
464 592 0 0 0
472 592 0 0 0
480 592 0 1 0
488 592 0 1 0
496 592 0 1 0
504 592 0 1 0
512 592 0 1 0
520 592 0 1 0
528 592 0 1 0
536 592 0 1 0
544 592 0 1 0
552 592 0 1 0
560 592 0 1 0
568 592 0 1 0
576 592 0 1 0
584 592 0 1 0
592 592 0 1 0
600 592 0 1 0
608 592 0 1 0
616 592 0 1 0
624 592 0 1 0
632 592 0 1 0
0 600 0 0 0
8 600 0 0 0
16 600 0 0 0
24 600 0 0 0
32 600 0 0 0
40 600 0 0 0
48 600 0 0 0
56 600 0 0 0
64 600 0 0 0
72 600 0 0 0
80 600 0 0 0
88 600 0 0 0
96 600 0 0 0
104 600 0 0 0
112 600 0 0 0
120 600 0 0 0
128 600 0 0 0
136 600 0 0 0
144 600 0 0 0
152 600 0 0 0
160 600 0 1 0
168 600 0 1 0
176 600 0 1 0
184 600 0 1 0
192 600 0 1 0
200 600 0 1 0
208 600 0 1 0
216 600 0 1 0
224 600 0 1 0
232 600 0 1 0
240 600 0 1 0
248 600 0 1 0
256 600 0 1 0
264 600 0 1 0
272 600 0 1 0
280 600 0 1 0
288 600 0 1 0
296 600 0 1 0
304 600 0 1 0
312 600 0 1 0
320 600 0 0 0
328 600 0 0 0
336 600 0 0 0
344 600 0 0 0
352 600 0 0 0
360 600 0 0 0
368 600 0 0 0
376 600 0 0 0
384 600 0 0 0
392 600 0 0 0
400 600 0 0 0
408 600 0 0 0
416 600 0 0 0
424 600 0 0 0
432 600 0 0 0
440 600 0 0 0
448 600 0 0 0
456 600 0 0 0
464 600 0 0 0
472 600 0 0 0
480 600 0 1 0
488 600 0 1 0
496 600 0 1 0
504 600 0 1 0
512 600 0 1 0
520 600 0 1 0
528 600 0 1 0
536 600 0 1 0
544 600 0 1 0
552 600 0 1 0
560 600 0 1 0
568 600 0 1 0
576 600 0 1 0
584 600 0 1 0
592 600 0 1 0
600 600 0 1 0
608 600 0 1 0
616 600 0 1 0
624 600 0 1 0
632 600 0 1 0
0 608 0 0 0
8 608 0 0 0
16 608 0 0 0
24 608 0 0 0
32 608 0 0 0
40 608 0 0 0
48 608 0 0 0
56 608 0 0 0
64 608 0 0 0
72 608 0 0 0
80 608 0 0 0
88 608 0 0 0
96 608 0 0 0
104 608 0 0 0
112 608 0 0 0
120 608 0 0 0
128 608 0 0 0
136 608 0 0 0
144 608 0 0 0
152 608 0 0 0
160 608 0 1 0
168 608 0 1 0
176 608 0 1 0
184 608 0 1 0
192 608 0 1 0
200 608 0 1 0
208 608 0 1 0
216 608 0 1 0
224 608 0 1 0
232 608 0 1 0
240 608 0 1 0
248 608 0 1 0
256 608 0 1 0
264 608 0 1 0
272 608 0 1 0
280 608 0 1 0
288 608 0 1 0
296 608 0 1 0
304 608 0 1 0
312 608 0 1 0
320 608 0 0 0
328 608 0 0 0
336 608 0 0 0
344 608 0 0 0
352 608 0 0 0
360 608 0 0 0
368 608 0 0 0
376 608 0 0 0
384 608 0 0 0
392 608 0 0 0
400 608 0 0 0
408 608 0 0 0
416 608 0 0 0
424 608 0 0 0
432 608 0 0 0
440 608 0 0 0
448 608 0 0 0
456 608 0 0 0
464 608 0 0 0
472 608 0 0 0
480 608 0 1 0
488 608 0 1 0
496 608 0 1 0
504 608 0 1 0
512 608 0 1 0
520 608 0 1 0
528 608 0 1 0
536 608 0 1 0
544 608 0 1 0
552 608 0 1 0
560 608 0 1 0
568 608 0 1 0
576 608 0 1 0
584 608 0 1 0
592 608 0 1 0
600 608 0 1 0
608 608 0 1 0
616 608 0 1 0
624 608 0 1 0
632 608 0 1 0
0 616 0 0 0
8 616 0 0 0
16 616 0 0 0
24 616 0 0 0
32 616 0 0 0
40 616 0 0 0
48 616 0 0 0
56 616 0 0 0
64 616 0 0 0
72 616 0 0 0
80 616 0 0 0
88 616 0 0 0
96 616 0 0 0
104 616 0 0 0
112 616 0 0 0
120 616 0 0 0
128 616 0 0 0
136 616 0 0 0
144 616 0 0 0
152 616 0 0 0
160 616 0 1 0
168 616 0 1 0
176 616 0 1 0
184 616 0 1 0
192 616 0 1 0
200 616 0 1 0
208 616 0 1 0
216 616 0 1 0
224 616 0 1 0
232 616 0 1 0
240 616 0 1 0
248 616 0 1 0
256 616 0 1 0
264 616 0 1 0
272 616 0 1 0
280 616 0 1 0
288 616 0 1 0
296 616 0 1 0
304 616 0 1 0
312 616 0 1 0
320 616 0 0 0
328 616 0 0 0
336 616 0 0 0
344 616 0 0 0
352 616 0 0 0
360 616 0 0 0
368 616 0 0 0
376 616 0 0 0
384 616 0 0 0
392 616 0 0 0
400 616 0 0 0
408 616 0 0 0
416 616 0 0 0
424 616 0 0 0
432 616 0 0 0
440 616 0 0 0
448 616 0 0 0
456 616 0 0 0
464 616 0 0 0
472 616 0 0 0
480 616 0 1 0
488 616 0 1 0
496 616 0 1 0
504 616 0 1 0
512 616 0 1 0
520 616 0 1 0
528 616 0 1 0
536 616 0 1 0
544 616 0 1 0
552 616 0 1 0
560 616 0 1 0
568 616 0 1 0
576 616 0 1 0
584 616 0 1 0
592 616 0 1 0
600 616 0 1 0
608 616 0 1 0
616 616 0 1 0
624 616 0 1 0
632 616 0 1 0
0 624 0 0 0
8 624 0 0 0
16 624 0 0 0
24 624 0 0 0
32 624 0 0 0
40 624 0 0 0
48 624 0 0 0
56 624 0 0 0
64 624 0 0 0
72 624 0 0 0
80 624 0 0 0
88 624 0 0 0
96 624 0 0 0
104 624 0 0 0
112 624 0 0 0
120 624 0 0 0
128 624 0 0 0
136 624 0 0 0
144 624 0 0 0
152 624 0 0 0
160 624 0 1 0
168 624 0 1 0
176 624 0 1 0
184 624 0 1 0
192 624 0 1 0
200 624 0 1 0
208 624 0 1 0
216 624 0 1 0
224 624 0 1 0
232 624 0 1 0
240 624 0 1 0
248 624 0 1 0
256 624 0 1 0
264 624 0 1 0
272 624 0 1 0
280 624 0 1 0
288 624 0 1 0
296 624 0 1 0
304 624 0 1 0
312 624 0 1 0
320 624 0 0 0
328 624 0 0 0
336 624 0 0 0
344 624 0 0 0
352 624 0 0 0
360 624 0 0 0
368 624 0 0 0
376 624 0 0 0
384 624 0 0 0
392 624 0 0 0
400 624 0 0 0
408 624 0 0 0
416 624 0 0 0
424 624 0 0 0
432 624 0 0 0
440 624 0 0 0
448 624 0 0 0
456 624 0 0 0
464 624 0 0 0
472 624 0 0 0
480 624 0 1 0
488 624 0 1 0
496 624 0 1 0
504 624 0 1 0
512 624 0 1 0
520 624 0 1 0
528 624 0 1 0
536 624 0 1 0
544 624 0 1 0
552 624 0 1 0
560 624 0 1 0
568 624 0 1 0
576 624 0 1 0
584 624 0 1 0
592 624 0 1 0
600 624 0 1 0
608 624 0 1 0
616 624 0 1 0
624 624 0 1 0
632 624 0 1 0
0 632 0 0 0
8 632 0 0 0
16 632 0 0 0
24 632 0 0 0
32 632 0 0 0
40 632 0 0 0
48 632 0 0 0
56 632 0 0 0
64 632 0 0 0
72 632 0 0 0
80 632 0 0 0
88 632 0 0 0
96 632 0 0 0
104 632 0 0 0
112 632 0 0 0
120 632 0 0 0
128 632 0 0 0
136 632 0 0 0
144 632 0 0 0
152 632 0 0 0
160 632 0 1 0
168 632 0 1 0
176 632 0 1 0
184 632 0 1 0
192 632 0 1 0
200 632 0 1 0
208 632 0 1 0
216 632 0 1 0
224 632 0 1 0
232 632 0 1 0
240 632 0 1 0
248 632 0 1 0
256 632 0 1 0
264 632 0 1 0
272 632 0 1 0
280 632 0 1 0
288 632 0 1 0
296 632 0 1 0
304 632 0 1 0
312 632 0 1 0
320 632 0 0 0
328 632 0 0 0
336 632 0 0 0
344 632 0 0 0
352 632 0 0 0
360 632 0 0 0
368 632 0 0 0
376 632 0 0 0
384 632 0 0 0
392 632 0 0 0
400 632 0 0 0
408 632 0 0 0
416 632 0 0 0
424 632 0 0 0
432 632 0 0 0
440 632 0 0 0
448 632 0 0 0
456 632 0 0 0
464 632 0 0 0
472 632 0 0 0
480 632 0 1 0
488 632 0 1 0
496 632 0 1 0
504 632 0 1 0
512 632 0 1 0
520 632 0 1 0
528 632 0 1 0
536 632 0 1 0
544 632 0 1 0
552 632 0 1 0
560 632 0 1 0
568 632 0 1 0
576 632 0 1 0
584 632 0 1 0
592 632 0 1 0
600 632 0 1 0
608 632 0 1 0
616 632 0 1 0
624 632 0 1 0
632 632 0 1 0
